244090.70341, 3,   0.136,  9.845, -0.371, 4,   0.022,  0.009, -0.046
244090.70781, 3,   0.055,  9.649, -0.242, 4,   0.042,  0.005, -0.046
244090.71220, 3,   0.103,  9.845, -0.299, 4,   0.034,  0.000, -0.028
244090.71660, 3,   0.012,  9.778, -0.304, 4,   0.029, -0.001, -0.021
244090.72099, 3,  -0.026,  9.740, -0.275, 4,   0.032, -0.011, -0.021
244090.72539, 3,  -0.074,  9.783, -0.381, 4,   0.033, -0.007, -0.020
244090.72975, 3,  -0.022,  9.687, -0.543, 4,   0.021, -0.018, -0.017
244090.73415, 3,  -0.074,  9.807, -0.385, 4,   0.023, -0.024, -0.002
244090.73854, 3,   0.041,  9.816, -0.505, 4,   0.020, -0.019, -0.001
244090.74293, 3,   0.017,  9.730, -0.419, 4,   0.022, -0.018,  0.016
244090.74733, 3,  -0.103,  9.859, -0.452, 4,   0.010, -0.028,  0.005
244090.75172, 3,   0.017,  9.807, -0.395, 4,   0.009, -0.019,  0.009
244090.75612, 3,   0.041,  9.687, -0.266, 4,   0.006, -0.001,  0.021
244090.76051, 3,   0.069,  9.855, -0.414, 4,  -0.022,  0.020,  0.022
244090.76491, 3,   0.045,  9.754, -0.433, 4,  -0.028,  0.010,  0.019
244090.76930, 3,   0.079,  9.658, -0.376, 4,  -0.029,  0.005,  0.010
244090.77370, 3,   0.213,  9.620, -0.472, 4,  -0.038, -0.003,  0.011
244090.77806, 3,   0.060,  9.620, -0.419, 4,  -0.060, -0.015,  0.024
244090.78246, 3,   0.151,  9.711, -0.122, 4,  -0.042, -0.016,  0.009
244090.78685, 3,   0.089,  9.749, -0.534, 4,  -0.059, -0.011,  0.010
244090.79124, 3,   0.089,  9.701, -0.208, 4,  -0.073, -0.006,  0.004
244090.79564, 3,   0.069,  9.797, -0.275, 4,  -0.043, -0.016, -0.007, 5,  12.431,-44.823,  3.218
244090.80003, 3,  -0.012,  9.663, -0.309, 4,  -0.058, -0.004, -0.007
244090.80443, 3,   0.012,  9.792, -0.232, 4,  -0.046,  0.033, -0.012
244090.80882, 3,   0.069,  9.673, -0.136, 4,  -0.029,  0.036, -0.021
244090.81322, 3,  -0.002,  9.740, -0.065, 4,  -0.027,  0.051, -0.012
244090.81761, 3,  -0.031,  9.730, -0.146, 4,  -0.027,  0.060, -0.019
244090.82201, 3,   0.117,  9.802,  0.036, 4,  -0.032,  0.031, -0.020
244090.82637, 3,  -0.012,  9.725, -0.136, 4,  -0.019,  0.032, -0.013
244090.83076, 3,  -0.031,  9.740, -0.218, 4,  -0.033,  0.026, -0.017
244090.83516, 3,  -0.041,  9.625, -0.132, 4,  -0.016,  0.003, -0.034
244090.83955, 3,  -0.156,  9.687, -0.122, 4,  -0.032,  0.000, -0.007
244090.84395, 3,  -0.036,  9.749, -0.180, 4,  -0.042, -0.014, -0.012
244090.84834, 3,   0.041,  9.706, -0.098, 4,  -0.007, -0.027, -0.024
244090.85274, 3,  -0.069,  9.649, -0.146, 4,  -0.002, -0.032, -0.010
244090.85713, 3,  -0.113,  9.653, -0.280, 4,   0.011, -0.012,  0.000
244090.86153, 3,  -0.031,  9.697, -0.089, 4,   0.000, -0.016,  0.005
244090.86592, 3,  -0.084,  9.697, -0.074, 4,   0.014,  0.016, -0.010
244090.87032, 3,   0.007,  9.792, -0.261, 4,   0.017,  0.007, -0.005
244090.87468, 3,   0.055,  9.644, -0.194, 4,   0.003,  0.033, -0.026
244090.87907, 3,   0.002,  9.764, -0.314, 4,  -0.002,  0.028,  0.000
244090.88347, 3,   0.026,  9.744, -0.232, 4,  -0.031,  0.015, -0.018
244090.88786, 3,   0.060,  9.682, -0.357, 4,  -0.023,  0.015, -0.014
244090.89226, 3,  -0.002,  9.768, -0.237, 4,  -0.042,  0.020, -0.022
244090.89665, 3,   0.026,  9.768, -0.223, 4,  -0.036,  0.018, -0.011
244090.90105, 3,   0.002,  9.744, -0.314, 4,  -0.049,  0.003, -0.024
244090.90544, 3,  -0.117,  9.720, -0.074, 4,  -0.049,  0.003, -0.026
244090.90984, 3,  -0.007,  9.773, -0.323, 4,  -0.051, -0.003, -0.012
244090.91423, 3,   0.055,  9.673, -0.132, 4,  -0.053,  0.011, -0.007
244090.91862, 3,  -0.045,  9.740, -0.165, 4,  -0.047,  0.021, -0.019
244090.92302, 3,  -0.084,  9.668, -0.237, 4,  -0.029,  0.005, -0.011
244090.92738, 3,  -0.045,  9.663,  0.002, 4,  -0.023,  0.021, -0.015
244090.93178, 3,  -0.117,  9.778, -0.160, 4,  -0.021,  0.026,  0.004
244090.93617, 3,  -0.055,  9.764, -0.362, 4,  -0.021,  0.004, -0.011
244090.94057, 3,   0.060,  9.787, -0.342, 4,  -0.005,  0.010, -0.004
244090.94496, 3,  -0.007,  9.773, -0.122, 4,   0.012, -0.001, -0.013
244090.94936, 3,  -0.002,  9.840, -0.266, 4,  -0.011,  0.019, -0.026
244090.95375, 3,   0.012,  9.845, -0.304, 4,   0.020,  0.001, -0.020
244090.95814, 3,  -0.026,  9.883, -0.136, 4,   0.021, -0.015, -0.034
244090.96254, 3,   0.012,  9.773, -0.357, 4,   0.000, -0.011, -0.022
244090.96693, 3,  -0.036,  9.787, -0.275, 4,   0.011, -0.001, -0.017
244090.97133, 3,   0.002,  9.883, -0.213, 4,   0.014,  0.026, -0.034
244090.97569, 3,  -0.022,  9.835, -0.342, 4,   0.029,  0.026, -0.032
244090.98009, 3,  -0.151,  9.874, -0.357, 4,   0.006,  0.043, -0.040, 5,  11.255,-44.316,  1.427
244090.98448, 3,  -0.045,  9.845, -0.280, 4,   0.009,  0.031, -0.037
244090.98888, 3,  -0.055,  9.802, -0.290, 4,   0.006,  0.019, -0.044
244090.99327, 3,  -0.271,  9.845, -0.160, 4,   0.011,  0.038, -0.024
244090.99767, 3,  -0.175,  9.850, -0.548, 4,  -0.005,  0.029, -0.027
244091.00206, 3,  -0.108,  9.874, -0.352, 4,   0.011,  0.022, -0.002
244091.00645, 3,  -0.223,  9.840, -0.362, 4,  -0.011,  0.037, -0.009
244091.01085, 3,  -0.084, 10.051, -0.543, 4,  -0.006,  0.023, -0.010
244091.01524, 3,  -0.213,  9.898, -0.457, 4,   0.000,  0.019,  0.006
244091.01964, 3,  -0.098,  9.907, -0.357, 4,  -0.027,  0.023,  0.003
244091.02400, 3,  -0.055,  9.955, -0.323, 4,  -0.027, -0.004,  0.000
244091.02840, 3,  -0.060,  9.878, -0.381, 4,  -0.021,  0.025,  0.007
244091.03279, 3,  -0.084,  9.878, -0.467, 4,  -0.048,  0.003,  0.009
244091.03719, 3,  -0.127,  9.874, -0.271, 4,  -0.048,  0.017,  0.015
244091.04158, 3,  -0.199,  9.845, -0.333, 4,  -0.027, -0.012,  0.004
244091.04597, 3,  -0.127,  9.883, -0.400, 4,  -0.053,  0.009,  0.014
244091.05037, 3,  -0.074,  9.859, -0.227, 4,  -0.024,  0.011,  0.004
244091.05476, 3,  -0.117,  9.888, -0.266, 4,  -0.022, -0.021,  0.013
244091.05916, 3,  -0.189,  9.864, -0.223, 4,  -0.047,  0.004,  0.030
244091.06355, 3,  -0.227,  9.979, -0.251, 4,  -0.029,  0.031,  0.035
244091.06795, 3,  -0.093,  9.864, -0.055, 4,  -0.017,  0.027,  0.014
244091.07231, 3,  -0.084,  9.902, -0.280, 4,  -0.050,  0.022,  0.028
244091.07671, 3,  -0.074,  9.893, -0.113, 4,  -0.019,  0.017,  0.022
244091.08110, 3,  -0.108,  9.778, -0.050, 4,  -0.007,  0.039,  0.043
244091.08549, 3,   0.079,  9.855, -0.108, 4,  -0.013,  0.036,  0.030
244091.08989, 3,  -0.045,  9.941, -0.098, 4,  -0.022,  0.023,  0.046
244091.09428, 3,   0.184,  9.960, -0.218, 4,  -0.029, -0.009,  0.039
244091.09868, 3,   0.060,  9.912, -0.170, 4,  -0.042,  0.014,  0.055
244091.10307, 3,   0.103,  9.840, -0.170, 4,  -0.034,  0.006,  0.034
244091.10747, 3,   0.141,  9.855, -0.017, 4,  -0.019, -0.013,  0.040
244091.11186, 3,   0.093,  9.778,  0.012, 4,  -0.036,  0.013,  0.034
244091.11626, 3,   0.275,  9.878, -0.089, 4,  -0.032, -0.014,  0.032
244091.12062, 3,   0.098,  9.740, -0.022, 4,  -0.029, -0.012,  0.021
244091.12502, 3,   0.199,  9.821,  0.050, 4,  -0.021, -0.002,  0.027
244091.12941, 3,   0.136,  9.802, -0.060, 4,  -0.019,  0.017,  0.003
244091.13380, 3,   0.175,  9.778, -0.007, 4,  -0.013,  0.021,  0.012
244091.13820, 3,   0.074,  9.807, -0.031, 4,  -0.026,  0.037, -0.004
244091.14259, 3,   0.132,  9.946, -0.055, 4,  -0.020,  0.028,  0.007
244091.14699, 3,   0.017,  9.744,  0.050, 4,  -0.011,  0.040,  0.007
244091.15138, 3,   0.165,  9.878, -0.022, 4,  -0.010,  0.049,  0.014
244091.15578, 3,   0.098,  9.792,  0.098, 4,   0.007,  0.032,  0.004
244091.16017, 3,   0.050,  9.811, -0.084, 4,   0.003,  0.033,  0.003
244091.16457, 3,   0.189,  9.697, -0.117, 4,  -0.011,  0.019,  0.000, 5,  12.263,-46.004,  1.752
244091.16893, 3,   0.151,  9.764, -0.026, 4,   0.009,  0.003, -0.001
244091.17332, 3,   0.141,  9.831, -0.007, 4,   0.009,  0.002,  0.003
244091.17772, 3,   0.290,  9.816,  0.002, 4,   0.014, -0.020, -0.007
244091.18211, 3,   0.165,  9.706, -0.122, 4,   0.009, -0.013,  0.002
244091.18651, 3,   0.165,  9.687,  0.022, 4,   0.011, -0.017, -0.014
244091.19090, 3,   0.108,  9.878, -0.194, 4,   0.020,  0.001, -0.020
244091.19530, 3,   0.127,  9.821, -0.036, 4,   0.025,  0.005, -0.001
244091.19969, 3,   0.074,  9.840, -0.084, 4,   0.026, -0.011, -0.009
244091.20409, 3,  -0.041,  9.701, -0.218, 4,   0.049, -0.017, -0.006
244091.20848, 3,   0.079,  9.811, -0.180, 4,   0.050, -0.030, -0.021
244091.21288, 3,  -0.007,  9.716, -0.141, 4,   0.078, -0.002, -0.001
244091.21724, 3,   0.007,  9.720, -0.247, 4,   0.072, -0.029, -0.005
244091.22163, 3,   0.007,  9.807, -0.376, 4,   0.067, -0.010,  0.002
244091.22603, 3,   0.084,  9.682, -0.352, 4,   0.065, -0.002,  0.011
244091.23042, 3,   0.108,  9.649, -0.342, 4,   0.074, -0.005, -0.012
244091.23482, 3,   0.237,  9.730, -0.481, 4,   0.050, -0.014,  0.000
244091.23921, 3,   0.151,  9.663, -0.400, 4,   0.038, -0.006, -0.009
244091.24361, 3,   0.165,  9.792, -0.290, 4,   0.032, -0.013, -0.005
244091.24800, 3,   0.199,  9.754, -0.299, 4,   0.004, -0.026, -0.017
244091.25240, 3,   0.074,  9.687, -0.352, 4,   0.000, -0.036, -0.033
244091.25679, 3,   0.141,  9.778, -0.247, 4,  -0.038, -0.029, -0.011
244091.26118, 3,   0.041,  9.720, -0.299, 4,  -0.044, -0.013, -0.002
244091.26558, 3,  -0.026,  9.649, -0.371, 4,  -0.052,  0.009, -0.009
244091.26994, 3,  -0.074,  9.754, -0.309, 4,  -0.051,  0.005, -0.029
244091.27434, 3,  -0.002,  9.811, -0.189, 4,  -0.049,  0.026, -0.019
244091.27873, 3,   0.060,  9.677, -0.290, 4,  -0.043,  0.032, -0.013
244091.28313, 3,   0.017,  9.744, -0.108, 4,  -0.034,  0.016, -0.007
244091.28752, 3,   0.012,  9.840, -0.151, 4,  -0.043,  0.009, -0.003
244091.29192, 3,   0.079,  9.720, -0.079, 4,  -0.010,  0.000, -0.001
244091.29631, 3,  -0.055,  9.816, -0.098, 4,  -0.002, -0.019, -0.010
244091.30070, 3,   0.098,  9.682,  0.002, 4,  -0.001, -0.020, -0.006
244091.30510, 3,  -0.022,  9.706, -0.060, 4,   0.016, -0.030, -0.005
244091.30949, 3,  -0.036,  9.773, -0.223, 4,   0.015, -0.036, -0.005
244091.31389, 3,   0.093,  9.625, -0.424, 4,   0.029, -0.030,  0.000
244091.31825, 3,   0.045,  9.783, -0.180, 4,   0.022, -0.018, -0.001
244091.32265, 3,   0.045,  9.759, -0.280, 4,   0.028, -0.015, -0.027
244091.32704, 3,   0.026,  9.811, -0.093, 4,   0.015, -0.001, -0.026
244091.33144, 3,   0.026,  9.649, -0.261, 4,   0.018,  0.015, -0.034
244091.33583, 3,   0.127,  9.773, -0.352, 4,   0.019,  0.026, -0.031
244091.34023, 3,   0.113,  9.802, -0.132, 4,   0.030,  0.029, -0.024
244091.34462, 3,   0.045,  9.701, -0.247, 4,   0.035,  0.017, -0.036
244091.34901, 3,   0.103,  9.773, -0.227, 4,   0.010,  0.045, -0.020, 5,  12.936,-45.329,  3.381
244091.35341, 3,   0.012,  9.792, -0.247, 4,   0.032,  0.032, -0.015
244091.35780, 3,   0.074,  9.730, -0.385, 4,   0.013,  0.021, -0.015
244091.36220, 3,   0.022,  9.778, -0.204, 4,   0.013,  0.018, -0.007
244091.36656, 3,   0.079,  9.764, -0.318, 4,   0.010,  0.012,  0.001
244091.37096, 3,   0.127,  9.768, -0.223, 4,  -0.012,  0.014, -0.006
244091.37535, 3,   0.098,  9.826, -0.213, 4,   0.015,  0.004,  0.010
244091.37975, 3,   0.132,  9.711, -0.223, 4,  -0.004, -0.019,  0.014
244091.38414, 3,   0.184,  9.749, -0.136, 4,   0.022, -0.039,  0.026
244091.38853, 3,   0.227,  9.787, -0.362, 4,  -0.002, -0.039,  0.013
244091.39293, 3,   0.251,  9.697, -0.218, 4,   0.015, -0.052,  0.016
244091.39732, 3,   0.290,  9.610, -0.323, 4,   0.009, -0.059,  0.004
244091.40172, 3,   0.261,  9.697, -0.366, 4,  -0.003, -0.036, -0.001
244091.40611, 3,   0.180,  9.840, -0.232, 4,   0.015, -0.051, -0.007
244091.41051, 3,   0.184,  9.740, -0.237, 4,   0.010, -0.036, -0.015
244091.41487, 3,   0.113,  9.783, -0.294, 4,  -0.002, -0.036, -0.001
244091.41927, 3,   0.208,  9.783, -0.261, 4,   0.000, -0.012, -0.013
244091.42366, 3,   0.256,  9.821, -0.156, 4,   0.003, -0.014, -0.003
244091.42805, 3,   0.294,  9.692, -0.218, 4,   0.000,  0.007, -0.011
244091.43245, 3,   0.323,  9.787, -0.247, 4,   0.009, -0.011, -0.022
244091.43684, 3,   0.290,  9.802, -0.304, 4,   0.002, -0.001, -0.029
244091.44124, 3,   0.342,  9.754, -0.280, 4,   0.017, -0.001, -0.015
244091.44563, 3,   0.271,  9.787, -0.237, 4,  -0.007, -0.007, -0.002
244091.45003, 3,   0.247,  9.778, -0.247, 4,   0.005, -0.002,  0.002
244091.45442, 3,   0.371,  9.969, -0.242, 4,   0.006, -0.019, -0.005
244091.45882, 3,   0.227,  9.845, -0.280, 4,   0.005, -0.011,  0.017
244091.46318, 3,   0.409,  9.845, -0.304, 4,  -0.005, -0.014,  0.013
244091.46757, 3,   0.376,  9.878, -0.429, 4,   0.003, -0.005,  0.012
244091.47197, 3,   0.362,  9.773, -0.323, 4,   0.009, -0.039,  0.024
244091.47636, 3,   0.366,  9.744, -0.285, 4,   0.016, -0.015,  0.036
244091.48076, 3,   0.476,  9.917, -0.098, 4,   0.013, -0.040,  0.036
244091.48515, 3,   0.448,  9.826, -0.285, 4,   0.016, -0.060,  0.042
244091.48955, 3,   0.558,  9.797, -0.194, 4,   0.021, -0.059,  0.035
244091.49394, 3,   0.563,  9.845, -0.275, 4,   0.020, -0.044,  0.027
244091.49834, 3,   0.611,  9.778, -0.290, 4,   0.022, -0.038,  0.004
244091.50273, 3,   0.788,  9.778, -0.184, 4,   0.028, -0.037,  0.001
244091.50713, 3,   0.701,  9.768, -0.141, 4,   0.011, -0.044, -0.009
244091.51149, 3,   0.630,  9.725, -0.170, 4,   0.025, -0.072, -0.023
244091.51588, 3,   0.625,  9.716, -0.227, 4,   0.014, -0.089, -0.018
244091.52028, 3,   0.606,  9.716, -0.232, 4,   0.004, -0.092, -0.033
244091.52467, 3,   0.630,  9.615, -0.294, 4,   0.018, -0.112, -0.048
244091.52907, 3,   0.711,  9.697, -0.175, 4,   0.022, -0.124, -0.064
244091.53346, 3,   0.591,  9.735, -0.266, 4,   0.027, -0.109, -0.059, 5,  13.272,-44.991,  4.033
244091.53786, 3,   0.510,  9.725, -0.189, 4,   0.040, -0.121, -0.069
244091.54225, 3,   0.563,  9.716, -0.208, 4,   0.023, -0.125, -0.071
244091.54665, 3,   0.615,  9.783, -0.199, 4,   0.045, -0.120, -0.060
244091.55104, 3,   0.548,  9.759, -0.189, 4,   0.026, -0.138, -0.082
244091.55543, 3,   0.601,  9.807, -0.318, 4,   0.036, -0.133, -0.076
244091.55983, 3,   0.620,  9.835, -0.285, 4,   0.047, -0.130, -0.087
244091.56419, 3,   0.548,  9.797, -0.338, 4,   0.023, -0.119, -0.063
244091.56859, 3,   0.496,  9.697, -0.275, 4,   0.020, -0.118, -0.080
244091.57298, 3,   0.644,  9.859, -0.371, 4,   0.017, -0.102, -0.080
244091.57738, 3,   0.611,  9.768, -0.175, 4,   0.031, -0.071, -0.077
244091.58177, 3,   0.687,  9.835, -0.247, 4,   0.030, -0.072, -0.098
244091.58617, 3,   0.486,  9.811, -0.424, 4,   0.033, -0.063, -0.078
244091.59056, 3,   0.649,  9.802, -0.299, 4,   0.001, -0.040, -0.099
244091.59496, 3,   0.443,  9.965, -0.146, 4,   0.013, -0.032, -0.089
244091.59935, 3,   0.419,  9.965, -0.227, 4,   0.040, -0.052, -0.085
244091.60374, 3,   0.443,  9.950, -0.132, 4,   0.023, -0.045, -0.079
244091.60814, 3,   0.366,  9.917, -0.117, 4,   0.029, -0.048, -0.054
244091.61250, 3,   0.366,  9.969, -0.132, 4,   0.036, -0.095, -0.043
244091.61690, 3,   0.553,  9.946, -0.136, 4,   0.039, -0.086, -0.033
244091.62129, 3,   0.452, 10.017, -0.146, 4,   0.043, -0.111, -0.022
244091.62569, 3,   0.438, 10.041,  0.012, 4,   0.059, -0.131, -0.010
244091.63008, 3,   0.467, 10.190, -0.261, 4,   0.059, -0.133,  0.027
244091.63448, 3,   0.496, 10.017, -0.069, 4,   0.079, -0.166,  0.047
244091.63887, 3,   0.606, 10.094, -0.175, 4,   0.070, -0.164,  0.067
244091.64326, 3,   0.711, 10.099, -0.400, 4,   0.087, -0.183,  0.084
244091.64766, 3,   0.701, 10.046, -0.251, 4,   0.079, -0.200,  0.077
244091.65205, 3,   0.778,  9.979, -0.213, 4,   0.081, -0.195,  0.094
244091.65645, 3,   0.754,  9.946, -0.165, 4,   0.064, -0.227,  0.091
244091.66081, 3,   0.735, 10.070, -0.323, 4,   0.076, -0.234,  0.088
244091.66521, 3,   0.845, 10.070, -0.342, 4,   0.072, -0.224,  0.093
244091.66960, 3,   0.788, 10.142, -0.237, 4,   0.069, -0.239,  0.088
244091.67400, 3,   0.927, 10.080, -0.328, 4,   0.068, -0.243,  0.093
244091.67839, 3,   0.812, 10.070, -0.261, 4,   0.050, -0.229,  0.089
244091.68278, 3,   0.883,  9.950, -0.347, 4,   0.051, -0.249,  0.098
244091.68718, 3,   0.912, 10.013, -0.304, 4,   0.020, -0.240,  0.097
244091.69157, 3,   0.898, 10.075, -0.318, 4,   0.025, -0.261,  0.093
244091.69597, 3,   0.845, 10.008, -0.256, 4,   0.032, -0.296,  0.107
244091.70036, 3,   0.927,  9.946, -0.448, 4,   0.020, -0.288,  0.120
244091.70476, 3,   0.869, 10.017, -0.395, 4,   0.037, -0.293,  0.114
244091.70912, 3,   0.883,  9.874, -0.199, 4,   0.035, -0.305,  0.121
244091.71352, 3,   0.927,  9.864, -0.266, 4,   0.044, -0.307,  0.117
244091.71791, 3,   0.907,  9.946, -0.323, 4,   0.043, -0.344,  0.120, 5,  12.936,-44.991,  3.381
244091.72231, 3,   0.979, 10.003, -0.376, 4,   0.035, -0.321,  0.122
244091.72670, 3,   1.051, 10.022, -0.409, 4,   0.039, -0.342,  0.114
244091.73109, 3,   1.008,  9.974, -0.390, 4,   0.028, -0.359,  0.134
244091.73549, 3,   1.061,  9.965, -0.323, 4,   0.049, -0.376,  0.122
244091.73988, 3,   0.979,  9.936, -0.357, 4,   0.047, -0.378,  0.143
244091.74428, 3,   0.994,  9.969, -0.414, 4,   0.044, -0.363,  0.136
244091.74867, 3,   0.927, 10.032, -0.237, 4,   0.051, -0.394,  0.158
244091.75307, 3,   0.941,  9.993, -0.385, 4,   0.043, -0.396,  0.159
244091.75743, 3,   1.094,  9.960, -0.496, 4,   0.022, -0.419,  0.162
244091.76183, 3,   0.941,  9.955, -0.357, 4,   0.020, -0.413,  0.182
244091.76622, 3,   0.927,  9.883, -0.419, 4,  -0.003, -0.417,  0.207
244091.77061, 3,   0.941,  9.902, -0.170, 4,  -0.001, -0.458,  0.208
244091.77501, 3,   0.960,  9.768, -0.294, 4,  -0.001, -0.438,  0.223
244091.77940, 3,   1.046,  9.922, -0.199, 4,   0.004, -0.477,  0.238
244091.78380, 3,   1.152,  9.802, -0.151, 4,   0.002, -0.476,  0.236
244091.78819, 3,   1.180,  9.807, -0.290, 4,   0.003, -0.471,  0.238
244091.79259, 3,   1.281,  9.783, -0.151, 4,   0.021, -0.463,  0.219
244091.79698, 3,   1.539,  9.759, -0.208, 4,   0.026, -0.464,  0.210
244091.80138, 3,   1.583,  9.697, -0.036, 4,   0.020, -0.458,  0.190
244091.80574, 3,   1.563,  9.783,  0.103, 4,   0.021, -0.457,  0.187
244091.81013, 3,   1.583,  9.658,  0.065, 4,   0.042, -0.456,  0.157
244091.81453, 3,   1.496,  9.610, -0.079, 4,   0.046, -0.472,  0.111
244091.81892, 3,   1.525,  9.615,  0.045, 4,   0.056, -0.491,  0.087
244091.82332, 3,   1.362,  9.534,  0.069, 4,   0.074, -0.503,  0.065
244091.82771, 3,   1.343,  9.620,  0.093, 4,   0.091, -0.502,  0.044
244091.83211, 3,   1.290,  9.845,  0.045, 4,   0.132, -0.471,  0.031
244091.83650, 3,   1.247,  9.663,  0.132, 4,   0.132, -0.458,  0.001
244091.84090, 3,   1.056,  9.759,  0.093, 4,   0.159, -0.390, -0.003
244091.84529, 3,   1.061,  9.720,  0.036, 4,   0.168, -0.371, -0.021
244091.84969, 3,   1.037,  9.768, -0.002, 4,   0.200, -0.352, -0.034
244091.85408, 3,   1.018,  9.725,  0.060, 4,   0.228, -0.333, -0.023
244091.85844, 3,   0.812,  9.515, -0.194, 4,   0.236, -0.353, -0.028
244091.86284, 3,   0.855,  9.567,  0.060, 4,   0.263, -0.370, -0.003
244091.86723, 3,   0.816,  9.524, -0.323, 4,   0.276, -0.426,  0.001
244091.87163, 3,   0.769,  9.658, -0.376, 4,   0.303, -0.491,  0.011
244091.87602, 3,   0.773,  9.419, -0.433, 4,   0.290, -0.558,  0.030
244091.88042, 3,   0.735,  9.443, -0.500, 4,   0.308, -0.643,  0.052
244091.88481, 3,   0.630,  9.433, -0.663, 4,   0.293, -0.693,  0.080
244091.88921, 3,   0.596,  9.471, -0.706, 4,   0.283, -0.712,  0.092
244091.89360, 3,   0.721,  9.495, -0.879, 4,   0.243, -0.729,  0.122
244091.89799, 3,   0.658,  9.285, -0.922, 4,   0.213, -0.736,  0.121
244091.90239, 3,   0.706,  9.443, -1.008, 4,   0.181, -0.724,  0.150, 5,  13.777,-46.510,  2.893
244091.90675, 3,   0.807,  9.591, -1.223, 4,   0.161, -0.687,  0.178
244091.91115, 3,   0.678,  9.452, -1.161, 4,   0.135, -0.653,  0.171
244091.91554, 3,   0.783,  9.529, -1.381, 4,   0.088, -0.639,  0.193
244091.91994, 3,   0.927,  9.476, -1.338, 4,   0.060, -0.617,  0.183
244091.92433, 3,   0.955,  9.443, -1.223, 4,   0.017, -0.609,  0.181
244091.92873, 3,   1.089,  9.433, -1.209, 4,  -0.033, -0.624,  0.177
244091.93312, 3,   1.061,  9.380, -1.132, 4,  -0.056, -0.640,  0.179
244091.93752, 3,   1.003,  9.342, -0.874, 4,  -0.094, -0.653,  0.148
244091.94191, 3,   0.994,  9.318, -0.826, 4,  -0.130, -0.671,  0.131
244091.94630, 3,   0.941,  9.371, -0.778, 4,  -0.163, -0.656,  0.087
244091.95070, 3,   0.864,  9.404, -0.615, 4,  -0.183, -0.625,  0.068
244091.95506, 3,   0.649,  9.419, -0.553, 4,  -0.184, -0.605,  0.044
244091.95946, 3,   0.826,  9.409, -0.491, 4,  -0.195, -0.560,  0.018
244091.96385, 3,   0.701,  9.380, -0.448, 4,  -0.185, -0.493, -0.010
244091.96825, 3,   0.797,  9.471, -0.227, 4,  -0.178, -0.451, -0.048
244091.97264, 3,   0.974,  9.529, -0.199, 4,  -0.166, -0.408, -0.064
244091.97704, 3,   0.831,  9.639, -0.251, 4,  -0.165, -0.406, -0.083
244091.98143, 3,   0.697,  9.625, -0.160, 4,  -0.150, -0.415, -0.119
244091.98582, 3,   0.625,  9.663,  0.180, 4,  -0.127, -0.427, -0.136
244091.99022, 3,   0.548,  9.697, -0.103, 4,  -0.107, -0.467, -0.136
244091.99461, 3,   0.476,  9.792, -0.045, 4,  -0.084, -0.495, -0.148
244091.99901, 3,   0.299,  9.797, -0.017, 4,  -0.058, -0.523, -0.147
244092.00337, 3,   0.156,  9.740,  0.132, 4,  -0.032, -0.546, -0.154
244092.00777, 3,  -0.045,  9.845,  0.103, 4,  -0.028, -0.545, -0.116
244092.01216, 3,  -0.060,  9.778,  0.232, 4,  -0.012, -0.538, -0.102
244092.01656, 3,  -0.194,  9.768,  0.194, 4,   0.007, -0.495, -0.077
244092.02095, 3,  -0.141,  9.677,  0.146, 4,   0.043, -0.475, -0.086
244092.02534, 3,  -0.170,  9.898,  0.113, 4,   0.056, -0.468, -0.069
244092.02974, 3,  -0.251,  9.902,  0.204, 4,   0.068, -0.460, -0.038
244092.03413, 3,  -0.208,  9.807, -0.017, 4,   0.080, -0.492, -0.050
244092.03853, 3,  -0.146,  9.869,  0.084, 4,   0.080, -0.517, -0.021
244092.04292, 3,  -0.189,  9.831,  0.017, 4,   0.100, -0.526, -0.012
244092.04732, 3,  -0.065,  9.864, -0.160, 4,   0.102, -0.545, -0.006
244092.05168, 3,  -0.132,  9.845, -0.309, 4,   0.104, -0.572, -0.009
244092.05608, 3,  -0.113,  9.941, -0.352, 4,   0.131, -0.575,  0.014
244092.06047, 3,  -0.045, 10.041, -0.534, 4,   0.129, -0.590,  0.029
244092.06486, 3,   0.031, 10.185, -0.524, 4,   0.130, -0.605,  0.035
244092.06926, 3,   0.031, 10.372, -0.500, 4,   0.108, -0.611,  0.050
244092.07365, 3,   0.290, 10.127, -0.443, 4,   0.109, -0.615,  0.059
244092.07805, 3,   0.290, 10.281, -0.773, 4,   0.087, -0.636,  0.074
244092.08244, 3,   0.366, 10.214, -0.678, 4,   0.053, -0.627,  0.063
244092.08684, 3,   0.390, 10.175, -0.587, 4,   0.014, -0.632,  0.061, 5,  11.928,-45.329,  1.427
244092.09123, 3,   0.433, 10.137, -0.496, 4,  -0.042, -0.647,  0.063
244092.09563, 3,   0.500, 10.051, -0.587, 4,  -0.093, -0.639,  0.049
244092.09999, 3,   0.429, 10.036, -0.486, 4,  -0.118, -0.641,  0.032
244092.10439, 3,   0.601, 10.104, -0.342, 4,  -0.169, -0.611,  0.023
244092.10878, 3,   0.558, 10.195, -0.318, 4,  -0.224, -0.602, -0.012
244092.11317, 3,   0.510, 10.137, -0.108, 4,  -0.252, -0.566, -0.012
244092.11757, 3,   0.443, 10.075,  0.069, 4,  -0.289, -0.549, -0.031
244092.12196, 3,   0.290, 10.017,  0.223, 4,  -0.280, -0.523, -0.061
244092.12636, 3,   0.275,  9.845,  0.352, 4,  -0.264, -0.494, -0.061
244092.13075, 3,   0.275,  9.950,  0.390, 4,  -0.248, -0.511, -0.064
244092.13515, 3,   0.151,  9.816,  0.510, 4,  -0.226, -0.529, -0.056
244092.13954, 3,   0.175,  9.845,  0.577, 4,  -0.174, -0.562, -0.071
244092.14394, 3,   0.113,  9.792,  0.730, 4,  -0.124, -0.562, -0.070
244092.14830, 3,   0.108,  9.725,  0.922, 4,  -0.098, -0.560, -0.096
244092.15269, 3,   0.170,  9.802,  0.855, 4,  -0.035, -0.522, -0.125
244092.15709, 3,   0.113,  9.874,  0.826, 4,   0.031, -0.507, -0.142
244092.16148, 3,   0.261,  9.773,  0.620, 4,   0.099, -0.484, -0.168
244092.16588, 3,   0.208,  9.807,  0.611, 4,   0.173, -0.468, -0.192
244092.17027, 3,   0.180,  9.816,  0.500, 4,   0.232, -0.468, -0.230
244092.17467, 3,   0.036,  9.692,  0.577, 4,   0.270, -0.455, -0.247
244092.17906, 3,  -0.055,  9.735,  0.395, 4,   0.307, -0.435, -0.255
244092.18346, 3,  -0.113,  9.663,  0.333, 4,   0.358, -0.430, -0.274
244092.18785, 3,  -0.227,  9.735,  0.271, 4,   0.356, -0.462, -0.267
244092.19225, 3,  -0.141,  9.764, -0.017, 4,   0.364, -0.526, -0.256
244092.19664, 3,  -0.271,  9.826, -0.151, 4,   0.385, -0.585, -0.234
244092.20100, 3,  -0.376,  9.591, -0.314, 4,   0.357, -0.639, -0.208
244092.20540, 3,  -0.467,  9.673, -0.285, 4,   0.337, -0.691, -0.210
244092.20979, 3,  -0.342,  9.668, -0.409, 4,   0.316, -0.725, -0.185
244092.21419, 3,  -0.457,  9.524, -0.486, 4,   0.291, -0.774, -0.168
244092.21858, 3,  -0.443,  9.625, -0.673, 4,   0.241, -0.783, -0.164
244092.22298, 3,  -0.409,  9.687, -0.606, 4,   0.229, -0.762, -0.168
244092.22737, 3,  -0.414,  9.682, -0.678, 4,   0.165, -0.736, -0.183
244092.23177, 3,  -0.534,  9.826, -0.716, 4,   0.140, -0.714, -0.196
244092.23616, 3,  -0.682,  9.720, -0.869, 4,   0.099, -0.664, -0.205
244092.24055, 3,  -0.826,  9.730, -0.692, 4,   0.089, -0.630, -0.214
244092.24495, 3,  -0.860,  9.634, -0.769, 4,   0.078, -0.560, -0.210
244092.24931, 3,  -0.816,  9.697, -0.759, 4,   0.077, -0.540, -0.238
244092.25371, 3,  -1.051,  9.615, -0.697, 4,   0.076, -0.508, -0.233
244092.25810, 3,  -0.965,  9.615, -0.697, 4,   0.070, -0.481, -0.244
244092.26250, 3,  -1.032,  9.730, -0.692, 4,   0.044, -0.486, -0.234
244092.26689, 3,  -1.094,  9.783, -0.601, 4,   0.036, -0.494, -0.239
244092.27129, 3,  -1.142,  9.720, -0.615, 4,   0.000, -0.512, -0.235, 5,  13.945,-44.991,  0.124
244092.27568, 3,  -1.314,  9.663, -0.553, 4,  -0.015, -0.538, -0.219
244092.28007, 3,  -1.377,  9.543, -0.687, 4,  -0.033, -0.568, -0.209
244092.28447, 3,  -1.472,  9.697, -0.567, 4,  -0.069, -0.594, -0.176
244092.28886, 3,  -1.453,  9.591, -0.438, 4,  -0.069, -0.642, -0.169
244092.29326, 3,  -1.530,  9.562, -0.601, 4,  -0.083, -0.649, -0.154
244092.29762, 3,  -1.583,  9.572, -0.563, 4,  -0.102, -0.675, -0.134
244092.30202, 3,  -1.578,  9.572, -0.625, 4,  -0.111, -0.708, -0.119
244092.30641, 3,  -1.597,  9.548, -0.625, 4,  -0.112, -0.734, -0.096
244092.31081, 3,  -1.492,  9.558, -0.577, 4,  -0.122, -0.711, -0.088
244092.31520, 3,  -1.544,  9.596, -0.716, 4,  -0.122, -0.708, -0.112
244092.31960, 3,  -1.511,  9.639, -0.601, 4,  -0.122, -0.677, -0.104
244092.32399, 3,  -1.539,  9.720, -0.534, 4,  -0.111, -0.662, -0.119
244092.32838, 3,  -1.472,  9.562, -0.438, 4,  -0.118, -0.604, -0.154
244092.33278, 3,  -1.640,  9.649, -0.510, 4,  -0.127, -0.538, -0.160
244092.33717, 3,  -1.626,  9.716, -0.457, 4,  -0.127, -0.506, -0.181
244092.34157, 3,  -1.650,  9.687, -0.299, 4,  -0.118, -0.437, -0.191
244092.34593, 3,  -1.645,  9.553, -0.371, 4,  -0.091, -0.379, -0.212
244092.35033, 3,  -1.779,  9.510, -0.414, 4,  -0.080, -0.383, -0.219
244092.35472, 3,  -1.822,  9.424, -0.218, 4,  -0.047, -0.356, -0.233
244092.35912, 3,  -1.899,  9.409, -0.299, 4,  -0.016, -0.356, -0.238
244092.36351, 3,  -1.808,  9.529, -0.333, 4,  -0.015, -0.386, -0.244
244092.36790, 3,  -1.827,  9.639, -0.400, 4,   0.037, -0.377, -0.251
244092.37230, 3,  -1.827,  9.500, -0.304, 4,   0.040, -0.387, -0.225
244092.37669, 3,  -1.784,  9.333, -0.318, 4,   0.061, -0.378, -0.234
244092.38109, 3,  -1.961,  9.524, -0.673, 4,   0.045, -0.401, -0.249
244092.38548, 3,  -1.970,  9.697, -0.496, 4,   0.043, -0.395, -0.225
244092.38988, 3,  -2.195,  9.582, -0.381, 4,   0.029, -0.361, -0.212
244092.39424, 3,  -2.282,  9.519, -0.395, 4,   0.015, -0.364, -0.187
244092.39864, 3,  -2.377,  9.534, -0.366, 4,  -0.016, -0.353, -0.194
244092.40303, 3,  -2.353,  9.601, -0.395, 4,  -0.024, -0.336, -0.175
244092.40742, 3,  -2.349,  9.692, -0.309, 4,  -0.013, -0.322, -0.164
244092.41182, 3,  -2.349,  9.553, -0.486, 4,  -0.024, -0.308, -0.151
244092.41621, 3,  -2.306,  9.653, -0.505, 4,  -0.017, -0.318, -0.150
244092.42061, 3,  -2.248,  9.615, -0.385, 4,  -0.017, -0.261, -0.146
244092.42500, 3,  -2.277,  9.677, -0.318, 4,  -0.016, -0.278, -0.146
244092.42940, 3,  -2.152,  9.634, -0.400, 4,  -0.007, -0.258, -0.141
244092.43379, 3,  -2.157,  9.764, -0.496, 4,  -0.043, -0.243, -0.138
244092.43819, 3,  -2.272,  9.730, -0.352, 4,  -0.031, -0.200, -0.126
244092.44255, 3,  -2.267,  9.716, -0.299, 4,  -0.035, -0.173, -0.138
244092.44694, 3,  -2.172,  9.634, -0.261, 4,  -0.030, -0.129, -0.137
244092.45134, 3,  -2.291,  9.582, -0.204, 4,  -0.016, -0.084, -0.147
244092.45573, 3,  -2.243,  9.744, -0.481, 4,  -0.013, -0.050, -0.131, 5,  15.964,-45.329, -1.831
244092.46013, 3,  -2.234,  9.644, -0.376, 4,   0.017, -0.028, -0.133
244092.46452, 3,  -2.277,  9.773, -0.405, 4,   0.025, -0.022, -0.126
244092.46892, 3,  -2.239,  9.783, -0.558, 4,   0.034, -0.006, -0.104
244092.47331, 3,  -2.200,  9.855, -0.405, 4,   0.037, -0.016, -0.120
244092.47771, 3,  -2.205,  9.874, -0.376, 4,   0.033, -0.024, -0.097
244092.48210, 3,  -2.014,  9.797, -0.328, 4,   0.040, -0.032, -0.085
244092.48650, 3,  -2.133,  9.787, -0.414, 4,   0.020, -0.036, -0.083
244092.49089, 3,  -1.985,  9.663, -0.381, 4,   0.025, -0.054, -0.069
244092.49525, 3,  -2.028,  9.816, -0.414, 4,   0.037, -0.071, -0.071
244092.49965, 3,  -1.999,  9.811, -0.448, 4,   0.006, -0.068, -0.079
244092.50404, 3,  -2.167,  9.811, -0.486, 4,   0.022, -0.058, -0.064
244092.50844, 3,  -2.239,  9.821, -0.539, 4,   0.010, -0.071, -0.075
244092.51283, 3,  -2.277,  9.754, -0.543, 4,   0.025, -0.046, -0.034
244092.51723, 3,  -2.349,  9.668, -0.352, 4,   0.014, -0.023, -0.022
244092.52162, 3,  -2.392,  9.787, -0.601, 4,   0.022,  0.001, -0.001
244092.52602, 3,  -2.243,  9.840, -0.639, 4,   0.011,  0.038,  0.020
244092.53041, 3,  -2.076,  9.821, -0.529, 4,   0.025,  0.029,  0.044
244092.53481, 3,  -2.052,  9.759, -0.529, 4,   0.025,  0.045,  0.082
244092.53920, 3,  -2.047,  9.826, -0.543, 4,   0.021,  0.052,  0.092
244092.54356, 3,  -1.899,  9.720, -0.668, 4,   0.000,  0.025,  0.113
244092.54796, 3,  -1.712,  9.764, -0.682, 4,   0.010,  0.010,  0.136
244092.55235, 3,  -1.559,  9.692, -0.701, 4,  -0.015, -0.003,  0.148
244092.55675, 3,  -1.453,  9.677, -0.735, 4,  -0.016, -0.037,  0.151
244092.56114, 3,  -1.372,  9.697, -0.850, 4,  -0.017, -0.038,  0.146
244092.56554, 3,  -1.324,  9.562, -0.649, 4,  -0.050, -0.014,  0.156
244092.56993, 3,  -1.281,  9.687, -0.639, 4,  -0.035, -0.044,  0.137
244092.57433, 3,  -1.238,  9.668, -0.845, 4,  -0.063, -0.012,  0.131
244092.57872, 3,  -1.199,  9.634, -0.716, 4,  -0.080, -0.003,  0.121
244092.58311, 3,  -1.104,  9.606, -0.769, 4,  -0.100,  0.000,  0.115
244092.58751, 3,  -1.018,  9.711, -0.692, 4,  -0.125,  0.020,  0.127
244092.59187, 3,  -0.941,  9.692, -0.505, 4,  -0.141,  0.035,  0.121
244092.59627, 3,  -1.056,  9.802, -0.567, 4,  -0.165,  0.062,  0.108
244092.60066, 3,  -0.845,  9.725, -0.472, 4,  -0.173,  0.058,  0.111
244092.60506, 3,  -0.874,  9.840, -0.472, 4,  -0.191,  0.063,  0.098
244092.60945, 3,  -0.860,  9.701, -0.510, 4,  -0.206,  0.069,  0.098
244092.61385, 3,  -0.864,  9.720, -0.400, 4,  -0.203,  0.082,  0.085
244092.61824, 3,  -0.797,  9.792, -0.122, 4,  -0.210,  0.066,  0.083
244092.62263, 3,  -0.764,  9.764, -0.309, 4,  -0.195,  0.063,  0.063
244092.62703, 3,  -0.970,  9.744, -0.132, 4,  -0.208,  0.066,  0.062
244092.63142, 3,  -0.864,  9.778, -0.175, 4,  -0.184,  0.071,  0.051
244092.63582, 3,  -1.161,  9.811, -0.055, 4,  -0.180,  0.079,  0.055
244092.64018, 3,  -1.065,  9.855, -0.108, 4,  -0.154,  0.072,  0.037, 5,  16.805,-44.148, -1.668
244092.64458, 3,  -1.041,  9.859,  0.165, 4,  -0.148,  0.075,  0.035
244092.64897, 3,  -1.041,  9.816, -0.017, 4,  -0.148,  0.069,  0.022
244092.65337, 3,  -1.118,  9.797,  0.093, 4,  -0.128,  0.070,  0.021
244092.65776, 3,  -1.161,  9.816, -0.041, 4,  -0.124,  0.072,  0.013
244092.66215, 3,  -1.118,  9.835, -0.074, 4,  -0.099,  0.091, -0.007
244092.66655, 3,  -1.142,  9.735,  0.031, 4,  -0.093,  0.114, -0.021
244092.67094, 3,  -1.310,  9.759,  0.242, 4,  -0.081,  0.136, -0.045
244092.67534, 3,  -1.401,  9.697,  0.294, 4,  -0.093,  0.166, -0.065
244092.67973, 3,  -1.377,  9.778,  0.261, 4,  -0.109,  0.149, -0.074
244092.68413, 3,  -1.525,  9.596,  0.251, 4,  -0.102,  0.132, -0.088
244092.68849, 3,  -1.745,  9.735,  0.213, 4,  -0.136,  0.124, -0.102
244092.69289, 3,  -1.721,  9.658,  0.395, 4,  -0.156,  0.099, -0.097
244092.69728, 3,  -1.870,  9.591,  0.405, 4,  -0.164,  0.066, -0.104
244092.70168, 3,  -2.172,  9.639,  0.371, 4,  -0.181,  0.037, -0.113
244092.70607, 3,  -2.181,  9.601,  0.452, 4,  -0.197,  0.045, -0.102
244092.71046, 3,  -2.315,  9.586,  0.476, 4,  -0.229,  0.054, -0.099
244092.71486, 3,  -2.291,  9.481,  0.596, 4,  -0.214,  0.072, -0.107
244092.71925, 3,  -2.387,  9.582,  0.543, 4,  -0.210,  0.110, -0.112
244092.72365, 3,  -2.392,  9.500,  0.769, 4,  -0.213,  0.119, -0.136
244092.72804, 3,  -2.540,  9.433,  0.860, 4,  -0.213,  0.159, -0.158
244092.73244, 3,  -2.631,  9.538,  0.740, 4,  -0.183,  0.193, -0.159
244092.73680, 3,  -2.679,  9.577,  0.807, 4,  -0.175,  0.197, -0.187
244092.74120, 3,  -2.665,  9.515,  0.874, 4,  -0.136,  0.240, -0.212
244092.74559, 3,  -2.727,  9.673,  1.003, 4,  -0.092,  0.249, -0.214
244092.74998, 3,  -2.775,  9.744,  0.950, 4,  -0.055,  0.274, -0.232
244092.75438, 3,  -2.971,  9.711,  0.888, 4,  -0.048,  0.262, -0.252
244092.75877, 3,  -2.952,  9.692,  0.970, 4,   0.009,  0.266, -0.258
244092.76317, 3,  -3.043,  9.663,  0.903, 4,   0.023,  0.227, -0.246
244092.76756, 3,  -2.942,  9.720,  0.922, 4,   0.037,  0.199, -0.271
244092.77196, 3,  -3.153,  9.778,  0.764, 4,   0.059,  0.197, -0.285
244092.77635, 3,  -3.172,  9.740,  0.797, 4,   0.049,  0.186, -0.284
244092.78075, 3,  -3.081,  9.629,  0.682, 4,   0.074,  0.168, -0.299
244092.78514, 3,  -3.201,  9.682,  0.524, 4,   0.060,  0.146, -0.321
244092.78950, 3,  -3.100,  9.601,  0.563, 4,   0.037,  0.138, -0.337
244092.79390, 3,  -3.148,  9.716,  0.448, 4,   0.026,  0.145, -0.364
244092.79829, 3,  -3.187,  9.687,  0.352, 4,   0.001,  0.189, -0.391
244092.80269, 3,  -3.187,  9.835,  0.309, 4,  -0.006,  0.211, -0.429
244092.80708, 3,  -3.201,  9.831,  0.242, 4,  -0.053,  0.239, -0.456
244092.81148, 3,  -3.431,  9.792,  0.031, 4,  -0.076,  0.278, -0.488
244092.81587, 3,  -3.369,  9.874,  0.232, 4,  -0.087,  0.288, -0.494
244092.82027, 3,  -3.560,  9.955, -0.069, 4,  -0.093,  0.294, -0.483
244092.82466, 3,  -3.766,  9.993, -0.108, 4,  -0.099,  0.310, -0.490, 5,  17.308,-43.642, -1.831
244092.82906, 3,  -3.847, 10.156, -0.093, 4,  -0.109,  0.307, -0.467
244092.83345, 3,  -3.972, 10.214, -0.041, 4,  -0.110,  0.338, -0.446
244092.83781, 3,  -4.087, 10.137, -0.002, 4,  -0.105,  0.343, -0.415
244092.84221, 3,  -4.077, 10.084,  0.050, 4,  -0.124,  0.363, -0.395
244092.84660, 3,  -4.135, 10.266,  0.232, 4,  -0.152,  0.419, -0.357
244092.85100, 3,  -4.417, 10.147,  0.036, 4,  -0.136,  0.494, -0.321
244092.85539, 3,  -4.422,  9.878,  0.237, 4,  -0.143,  0.560, -0.289
244092.85979, 3,  -4.374,  9.878,  0.357, 4,  -0.145,  0.630, -0.264
244092.86418, 3,  -4.293, 10.027,  0.510, 4,  -0.115,  0.717, -0.246
244092.86858, 3,  -4.106, 10.036,  0.385, 4,  -0.088,  0.812, -0.216
244092.87297, 3,  -3.962, 10.008,  0.438, 4,  -0.050,  0.846, -0.192
244092.87736, 3,  -3.857, 10.070,  0.218, 4,  -0.026,  0.858, -0.154
244092.88176, 3,  -3.718, 10.108,  0.122, 4,   0.012,  0.801, -0.122
244092.88612, 3,  -3.704, 10.008, -0.036, 4,   0.022,  0.723, -0.070
244092.89052, 3,  -3.613,  9.950,  0.036, 4,   0.030,  0.619, -0.045
244092.89491, 3,  -3.613,  9.701, -0.189, 4,   0.033,  0.540, -0.014
244092.89931, 3,  -3.603,  9.735, -0.160, 4,   0.051,  0.490,  0.029
244092.90370, 3,  -3.450,  9.519, -0.170, 4,   0.027,  0.484,  0.071
244092.90810, 3,  -3.326,  9.495, -0.318, 4,   0.002,  0.513,  0.082
244092.91249, 3,  -3.316,  9.476, -0.529, 4,  -0.034,  0.545,  0.085
244092.91689, 3,  -3.077,  9.203, -0.323, 4,  -0.046,  0.597,  0.081
244092.92128, 3,  -2.981,  9.165, -0.275, 4,  -0.084,  0.709,  0.092
244092.92567, 3,  -2.684,  9.400, -0.275, 4,  -0.109,  0.814,  0.078
244092.93007, 3,  -2.363,  9.591, -0.457, 4,  -0.143,  0.895,  0.072
244092.93443, 3,  -2.167,  9.821, -0.505, 4,  -0.198,  0.966,  0.039
244092.93883, 3,  -1.980,  9.855, -0.376, 4,  -0.187,  1.017,  0.038
244092.94322, 3,  -2.042,  9.936, -0.443, 4,  -0.232,  1.075,  0.026
244092.94762, 3,  -1.985,  9.764, -0.069, 4,  -0.246,  1.098,  0.028
244092.95201, 3,  -2.061,  9.907, -0.304, 4,  -0.258,  1.112,  0.049
244092.95641, 3,  -1.961,  9.874, -0.376, 4,  -0.267,  1.087,  0.077
244092.96080, 3,  -2.095,  9.917, -0.304, 4,  -0.269,  1.064,  0.105
244092.96519, 3,  -1.932,  9.850, -0.294, 4,  -0.255,  1.025,  0.175
244092.96959, 3,  -1.870,  9.764, -0.146, 4,  -0.276,  1.000,  0.227
244092.97398, 3,  -1.726,  9.711, -0.065, 4,  -0.276,  0.986,  0.268
244092.97838, 3,  -1.578,  9.787, -0.127, 4,  -0.288,  0.968,  0.320
244092.98274, 3,  -1.496,  9.907, -0.261, 4,  -0.323,  0.972,  0.357
244092.98714, 3,  -0.955,  9.859, -0.251, 4,  -0.325,  0.985,  0.407
244092.99153, 3,  -1.056,  9.749, -0.022, 4,  -0.316,  0.992,  0.438
244092.99593, 3,  -0.922,  9.515,  0.170, 4,  -0.342,  1.026,  0.447
244093.00032, 3,  -0.342,  9.285,  0.371, 4,  -0.343,  1.100,  0.435
244093.00471, 3,  -0.227,  9.625,  0.050, 4,  -0.349,  1.131,  0.419
244093.00911, 3,  -0.031,  9.792,  0.156, 4,  -0.326,  1.192,  0.412, 5,  17.140,-43.472, -0.691
244093.01350, 3,   0.194,  9.850,  0.175, 4,  -0.293,  1.190,  0.412
244093.01790, 3,   0.184,  9.783,  0.242, 4,  -0.268,  1.172,  0.402
244093.02229, 3,   0.347,  9.706,  0.448, 4,  -0.234,  1.155,  0.404
244093.02669, 3,   0.424,  9.725,  0.323, 4,  -0.195,  1.138,  0.395
244093.03105, 3,   0.452,  9.845,  0.328, 4,  -0.163,  1.128,  0.402
244093.03545, 3,   0.620,  9.883,  0.223, 4,  -0.158,  1.121,  0.404
244093.03984, 3,   0.673,  9.922,  0.342, 4,  -0.128,  1.109,  0.410
244093.04423, 3,   0.931,  9.989,  0.208, 4,  -0.115,  1.126,  0.399
244093.04863, 3,   1.123, 10.123, -0.002, 4,  -0.110,  1.161,  0.408
244093.05299, 3,   1.147,  9.950,  0.156, 4,  -0.100,  1.195,  0.395
244093.05739, 3,   1.276,  9.888,  0.275, 4,  -0.117,  1.223,  0.381
244093.06175, 3,   1.372,  9.735,  0.323, 4,  -0.078,  1.243,  0.368
244093.06615, 3,   1.439,  9.649,  0.314, 4,  -0.093,  1.246,  0.350
244093.07054, 3,   1.549,  9.491,  0.194, 4,  -0.071,  1.230,  0.332
244093.07491, 3,   1.645,  9.448,  0.472, 4,  -0.084,  1.212,  0.313
244093.07930, 3,   1.650,  9.414,  0.275, 4,  -0.095,  1.234,  0.299
244093.08369, 3,   1.563,  9.495,  0.400, 4,  -0.093,  1.194,  0.268
244093.08806, 3,   1.405,  9.510,  0.567, 4,  -0.098,  1.188,  0.248
244093.09245, 3,   1.386,  9.495,  0.697, 4,  -0.099,  1.211,  0.241
244093.09685, 3,   1.295,  9.572,  0.735, 4,  -0.101,  1.257,  0.254
244093.10121, 3,   1.271,  9.505,  0.682, 4,  -0.068,  1.288,  0.257
244093.10561, 3,   1.300,  9.500,  0.759, 4,  -0.001,  1.313,  0.259
244093.11000, 3,   1.295,  9.491,  0.630, 4,   0.046,  1.328,  0.263
244093.11436, 3,   1.271,  9.601,  0.462, 4,   0.125,  1.296,  0.288
244093.11876, 3,   1.367,  9.749,  0.639, 4,   0.191,  1.251,  0.341
244093.12312, 3,   1.654,  9.831,  0.390, 4,   0.278,  1.185,  0.361
244093.12752, 3,   1.573,  9.989,  0.314, 4,   0.355,  1.089,  0.398
244093.13191, 3,   1.889,  9.874,  0.204, 4,   0.396,  1.003,  0.439
244093.13628, 3,   2.090,  9.768, -0.180, 4,   0.434,  0.907,  0.472
244093.14067, 3,   2.181,  9.716, -0.515, 4,   0.438,  0.837,  0.504
244093.14507, 3,   2.243,  9.826, -0.448, 4,   0.454,  0.792,  0.516
244093.14943, 3,   2.497,  9.754, -0.764, 4,   0.440,  0.780,  0.516
244093.15382, 3,   2.617,  9.831, -0.792, 4,   0.425,  0.773,  0.537
244093.15822, 3,   2.684,  9.586, -0.769, 4,   0.382,  0.768,  0.529
244093.16258, 3,   2.823,  9.572, -1.032, 4,   0.317,  0.761,  0.517
244093.16698, 3,   2.732,  9.586, -1.228, 4,   0.238,  0.763,  0.508
244093.17137, 3,   2.890,  9.596, -1.142, 4,   0.165,  0.762,  0.494
244093.17574, 3,   3.038,  9.720, -1.257, 4,   0.088,  0.751,  0.499
244093.18013, 3,   3.062,  9.768, -1.018, 4,   0.021,  0.718,  0.470
244093.18449, 3,   3.187,  9.740, -1.065, 4,  -0.072,  0.702,  0.469
244093.18889, 3,   3.215,  9.582, -0.879, 4,  -0.125,  0.697,  0.423
244093.19328, 3,   3.330,  9.433, -0.883, 4,  -0.182,  0.696,  0.389, 5,  13.441,-44.823,  3.218
244093.19765, 3,   3.258,  9.567, -0.721, 4,  -0.217,  0.715,  0.342
244093.20204, 3,   3.455,  9.567, -0.625, 4,  -0.240,  0.701,  0.294
244093.20644, 3,   3.431,  9.663, -0.481, 4,  -0.276,  0.701,  0.250
244093.21080, 3,   3.321,  9.534, -0.247, 4,  -0.278,  0.721,  0.183
244093.21519, 3,   3.230,  9.697,  0.002, 4,  -0.304,  0.724,  0.130
244093.21959, 3,   3.120,  9.586, -0.045, 4,  -0.299,  0.722,  0.104
244093.22395, 3,   2.928,  9.663,  0.122, 4,  -0.283,  0.735,  0.065
244093.22835, 3,   2.717,  9.682,  0.213, 4,  -0.275,  0.721,  0.059
244093.23274, 3,   2.602,  9.744,  0.385, 4,  -0.278,  0.702,  0.068
244093.23711, 3,   2.459,  9.658,  0.476, 4,  -0.230,  0.652,  0.085
244093.24150, 3,   2.277,  9.529,  0.769, 4,  -0.202,  0.615,  0.094
244093.24590, 3,   2.248,  9.610,  0.706, 4,  -0.189,  0.564,  0.134
244093.25026, 3,   2.306,  9.653,  0.701, 4,  -0.142,  0.513,  0.161
244093.25465, 3,   2.272,  9.658,  0.764, 4,  -0.104,  0.469,  0.196
244093.25902, 3,   2.406,  9.606,  0.836, 4,  -0.085,  0.412,  0.209
244093.26341, 3,   2.416,  9.625,  0.711, 4,  -0.063,  0.373,  0.231
244093.26781, 3,   2.473,  9.658,  0.912, 4,  -0.036,  0.308,  0.231
244093.27217, 3,   2.579,  9.558,  0.879, 4,  -0.017,  0.287,  0.252
244093.27657, 3,   2.655,  9.644,  0.874, 4,   0.004,  0.223,  0.227
244093.28096, 3,   2.626,  9.701,  0.773, 4,   0.016,  0.182,  0.210
244093.28532, 3,   2.612,  9.673,  0.836, 4,   0.036,  0.127,  0.213
244093.28972, 3,   2.622,  9.677,  0.840, 4,   0.051,  0.086,  0.203
244093.29411, 3,   2.497,  9.744,  0.855, 4,   0.067,  0.029,  0.206
244093.29848, 3,   2.497,  9.797,  0.620, 4,   0.051,  0.013,  0.189
244093.30287, 3,   2.464,  9.658,  0.730, 4,   0.051, -0.015,  0.180
244093.30727, 3,   2.425,  9.730,  0.534, 4,   0.061, -0.031,  0.174
244093.31163, 3,   2.421,  9.701,  0.634, 4,   0.076, -0.023,  0.168
244093.31602, 3,   2.296,  9.697,  0.634, 4,   0.092, -0.026,  0.156
244093.32039, 3,   2.440,  9.706,  0.452, 4,   0.098, -0.027,  0.149
244093.32478, 3,   2.406,  9.759,  0.414, 4,   0.124, -0.033,  0.115
244093.32918, 3,   2.497,  9.706,  0.328, 4,   0.116, -0.034,  0.075
244093.33354, 3,   2.425,  9.649,  0.242, 4,   0.158, -0.059,  0.029
244093.33794, 3,   2.243,  9.553,  0.045, 4,   0.183, -0.085,  0.003
244093.34233, 3,   2.162,  9.558,  0.093, 4,   0.215, -0.078, -0.049
244093.34669, 3,   1.937,  9.644,  0.113, 4,   0.226, -0.094, -0.085
244093.35109, 3,   1.961,  9.706,  0.055, 4,   0.235, -0.105, -0.110
244093.35548, 3,   1.635,  9.682, -0.170, 4,   0.260, -0.089, -0.130
244093.35985, 3,   1.626,  9.649, -0.170, 4,   0.249, -0.091, -0.156
244093.36424, 3,   1.381,  9.634, -0.352, 4,   0.250, -0.094, -0.178
244093.36864, 3,   1.185,  9.629, -0.457, 4,   0.261, -0.076, -0.191
244093.37300, 3,   1.032,  9.687, -0.472, 4,   0.244, -0.100, -0.208
244093.37740, 3,   0.893,  9.778, -0.543, 4,   0.232, -0.073, -0.183, 5,  11.758,-44.485,  2.893
244093.38179, 3,   0.769,  9.649, -0.505, 4,   0.208, -0.059, -0.190
244093.38615, 3,   0.639,  9.759, -0.912, 4,   0.198, -0.052, -0.178
244093.39055, 3,   0.563,  9.792, -0.797, 4,   0.203, -0.055, -0.197
244093.39491, 3,   0.419,  9.831, -0.673, 4,   0.181, -0.052, -0.179
244093.39931, 3,   0.390,  9.831, -0.855, 4,   0.157, -0.053, -0.165
244093.40370, 3,   0.294,  9.835, -0.941, 4,   0.140, -0.058, -0.170
244093.40807, 3,   0.036,  9.878, -0.927, 4,   0.121, -0.066, -0.157
244093.41246, 3,   0.117,  9.869, -1.180, 4,   0.099, -0.086, -0.126
244093.41685, 3,  -0.065,  9.787, -0.907, 4,   0.066, -0.114, -0.128
244093.42122, 3,  -0.242,  9.821, -1.008, 4,   0.070, -0.124, -0.099
244093.42561, 3,  -0.376,  9.816, -0.816, 4,   0.029, -0.130, -0.101
244093.43001, 3,  -0.285,  9.835, -0.840, 4,   0.037, -0.091, -0.080
244093.43437, 3,  -0.366,  9.821, -0.754, 4,   0.042, -0.089, -0.064
244093.43877, 3,  -0.385,  9.931, -0.893, 4,   0.046, -0.065, -0.054
244093.44316, 3,  -0.314,  9.888, -0.725, 4,   0.036, -0.056, -0.035
244093.44752, 3,  -0.529,  9.912, -0.931, 4,   0.025, -0.035, -0.022
244093.45192, 3,  -0.443,  9.907, -0.721, 4,   0.020, -0.029, -0.024
244093.45628, 3,  -0.654, 10.022, -0.898, 4,   0.013, -0.014,  0.006
244093.46068, 3,  -0.457,  9.922, -0.769, 4,   0.010, -0.004, -0.002
244093.46507, 3,  -0.515, 10.041, -0.721, 4,   0.004, -0.006,  0.027
244093.46944, 3,  -0.601,  9.941, -0.697, 4,   0.018,  0.011,  0.030
244093.47383, 3,  -0.625, 10.008, -0.668, 4,  -0.023,  0.044,  0.051
244093.47823, 3,  -0.606, 10.065, -0.558, 4,  -0.020,  0.021,  0.072
244093.48259, 3,  -0.558, 10.132, -0.639, 4,  -0.042,  0.012,  0.102
244093.48698, 3,  -0.548,  9.969, -0.615, 4,  -0.038,  0.017,  0.111
244093.49138, 3,  -0.462,  9.969, -0.658, 4,  -0.066, -0.004,  0.141
244093.49574, 3,  -0.400,  9.950, -0.591, 4,  -0.037, -0.013,  0.148
244093.50014, 3,  -0.314,  9.922, -0.572, 4,  -0.044, -0.042,  0.160
244093.50453, 3,  -0.309,  9.969, -0.553, 4,  -0.038, -0.047,  0.179
244093.50890, 3,  -0.180,  9.941, -0.539, 4,  -0.047, -0.060,  0.181
244093.51329, 3,  -0.122,  9.946, -0.500, 4,  -0.042, -0.052,  0.190
244093.51768, 3,  -0.180,  9.821, -0.318, 4,  -0.040, -0.022,  0.182
244093.52205, 3,   0.103,  9.749, -0.625, 4,  -0.059, -0.010,  0.184
244093.52644, 3,   0.089,  9.778, -0.400, 4,  -0.073,  0.004,  0.164
244093.53081, 3,   0.170,  9.802, -0.304, 4,  -0.054,  0.025,  0.157
244093.53520, 3,   0.017,  9.720, -0.314, 4,  -0.049,  0.039,  0.148
244093.53960, 3,   0.314,  9.591, -0.194, 4,  -0.064,  0.042,  0.135
244093.54396, 3,   0.122,  9.783, -0.156, 4,  -0.045,  0.039,  0.126
244093.54835, 3,   0.294,  9.697, -0.223, 4,  -0.051,  0.032,  0.098
244093.55275, 3,   0.266,  9.711, -0.170, 4,  -0.051,  0.042,  0.103
244093.55711, 3,   0.184,  9.610, -0.069, 4,  -0.043,  0.016,  0.105
244093.56151, 3,   0.247,  9.692, -0.026, 4,  -0.017,  0.000,  0.092, 5,  11.423,-43.810,  3.218
244093.56590, 3,   0.208,  9.644,  0.002, 4,  -0.017, -0.009,  0.104
244093.57027, 3,   0.146,  9.644,  0.041, 4,  -0.013,  0.009,  0.094
244093.57466, 3,  -0.017,  9.668, -0.050, 4,  -0.006,  0.020,  0.114
244093.57906, 3,   0.122,  9.562, -0.060, 4,   0.021,  0.015,  0.120
244093.58342, 3,   0.309,  9.687, -0.055, 4,   0.026,  0.036,  0.120
244093.58781, 3,   0.333,  9.677, -0.132, 4,   0.040,  0.027,  0.119
244093.59218, 3,   0.333,  9.586, -0.122, 4,   0.054,  0.033,  0.136
244093.59657, 3,   0.400,  9.491, -0.098, 4,   0.066,  0.032,  0.127
244093.60097, 3,   0.452,  9.586, -0.285, 4,   0.066,  0.013,  0.113
244093.60533, 3,   0.491,  9.682, -0.357, 4,   0.062,  0.001,  0.109
244093.60973, 3,   0.515,  9.625, -0.338, 4,   0.064,  0.002,  0.103
244093.61412, 3,   0.754,  9.582, -0.275, 4,   0.055, -0.009,  0.091
244093.61848, 3,   0.644,  9.644, -0.333, 4,   0.048, -0.013,  0.067
244093.62288, 3,   0.467,  9.572, -0.304, 4,   0.021,  0.001,  0.053
244093.62727, 3,   0.515,  9.601, -0.309, 4,   0.022,  0.006,  0.028
244093.63164, 3,   0.524,  9.548, -0.419, 4,   0.015,  0.013,  0.012
244093.63603, 3,   0.400,  9.644, -0.347, 4,   0.001,  0.025,  0.005
244093.64043, 3,   0.452,  9.701, -0.275, 4,  -0.014,  0.035,  0.004
244093.64479, 3,   0.342,  9.759, -0.448, 4,  -0.015,  0.032, -0.017
244093.64918, 3,   0.237,  9.697, -0.491, 4,  -0.024,  0.026, -0.006
244093.65358, 3,   0.481,  9.634, -0.275, 4,  -0.047,  0.002,  0.002
244093.65794, 3,   0.414,  9.601, -0.385, 4,  -0.046, -0.020,  0.017
244093.66234, 3,   0.309,  9.653, -0.395, 4,  -0.051, -0.027,  0.006
244093.66670, 3,   0.314,  9.673, -0.472, 4,  -0.051, -0.037,  0.027
244093.67110, 3,   0.342,  9.538, -0.342, 4,  -0.047, -0.034,  0.022
244093.67549, 3,   0.180,  9.697, -0.414, 4,  -0.069, -0.035,  0.009
244093.67986, 3,   0.304,  9.730, -0.247, 4,  -0.062, -0.002, -0.001
244093.68425, 3,   0.227,  9.668, -0.323, 4,  -0.055, -0.007,  0.017
244093.68864, 3,   0.146,  9.730, -0.362, 4,  -0.051, -0.009,  0.001
244093.69301, 3,  -0.017,  9.807, -0.266, 4,  -0.060,  0.016,  0.024
244093.69740, 3,   0.079,  9.787, -0.290, 4,  -0.053,  0.022,  0.026
244093.70180, 3,   0.017,  9.764, -0.165, 4,  -0.072,  0.021,  0.043
244093.70616, 3,   0.012,  9.725, -0.266, 4,  -0.056,  0.035,  0.038
244093.71056, 3,   0.127,  9.725, -0.175, 4,  -0.071,  0.038,  0.054
244093.71495, 3,   0.256,  9.831, -0.189, 4,  -0.063,  0.018,  0.047
244093.71931, 3,   0.223,  9.735, -0.093, 4,  -0.062,  0.016,  0.052
244093.72371, 3,   0.232,  9.835, -0.204, 4,  -0.058, -0.002,  0.066
244093.72807, 3,   0.328,  9.802, -0.132, 4,  -0.031, -0.031,  0.059
244093.73247, 3,   0.352,  9.859, -0.285, 4,  -0.031, -0.040,  0.040
244093.73686, 3,   0.400,  9.773, -0.285, 4,  -0.029, -0.056,  0.040
244093.74123, 3,   0.275,  9.792, -0.151, 4,  -0.043, -0.069,  0.019
244093.74562, 3,   0.242,  9.792, -0.237, 4,  -0.018, -0.056,  0.010, 5,  11.758,-46.173,  4.196
244093.75001, 3,   0.074,  9.912, -0.151, 4,   0.000, -0.064,  0.013
244093.75438, 3,   0.156,  9.902, -0.213, 4,   0.007, -0.039,  0.017
244093.75877, 3,   0.093,  9.912, -0.156, 4,   0.000, -0.002,  0.021
244093.76317, 3,   0.089,  9.931, -0.314, 4,   0.030,  0.048, -0.002
244093.76753, 3,  -0.026, 10.084, -0.323, 4,   0.031,  0.060,  0.012
244093.77193, 3,   0.113,  9.936, -0.290, 4,   0.027,  0.070,  0.028
244093.77632, 3,  -0.050,  9.969, -0.218, 4,   0.019,  0.077,  0.028
244093.78069, 3,   0.127,  9.931, -0.223, 4,   0.035,  0.033,  0.038
244093.78508, 3,   0.170, 10.036, -0.275, 4,   0.032,  0.005,  0.056
244093.78947, 3,   0.314,  9.974, -0.232, 4,   0.033, -0.009,  0.067
244093.79384, 3,   0.261,  9.989, -0.385, 4,   0.040, -0.060,  0.061
244093.79823, 3,   0.390,  9.778, -0.342, 4,   0.030, -0.071,  0.063
244093.80260, 3,   0.309,  9.869, -0.366, 4,   0.023, -0.085,  0.077
244093.80699, 3,   0.424,  9.811, -0.347, 4,   0.049, -0.084,  0.067
244093.81139, 3,   0.381,  9.811, -0.371, 4,   0.044, -0.068,  0.051
244093.81575, 3,   0.333,  9.835, -0.405, 4,   0.051, -0.052,  0.031
244093.82014, 3,   0.429,  9.869, -0.429, 4,   0.045, -0.035,  0.027
244093.82454, 3,   0.271,  9.946, -0.467, 4,   0.040,  0.004,  0.002
244093.82890, 3,   0.347,  9.922, -0.266, 4,   0.049,  0.018, -0.009
244093.83330, 3,   0.376,  9.840, -0.563, 4,   0.047,  0.037, -0.014
244093.83769, 3,   0.247,  9.831, -0.314, 4,   0.060,  0.030, -0.016
244093.84206, 3,   0.362,  9.869, -0.309, 4,   0.030,  0.042, -0.002
244093.84645, 3,   0.338,  9.907, -0.275, 4,   0.059,  0.012, -0.002
244093.85085, 3,   0.338,  9.811, -0.491, 4,   0.063,  0.025,  0.009
244093.85521, 3,   0.419,  9.754, -0.567, 4,   0.077,  0.022,  0.011
244093.85960, 3,   0.405,  9.764, -0.553, 4,   0.058, -0.013,  0.024
244093.86397, 3,   0.429,  9.783, -0.615, 4,   0.066, -0.034,  0.026
244093.86836, 3,   0.467,  9.759, -0.524, 4,   0.066, -0.056,  0.028
244093.87276, 3,   0.338,  9.845, -0.611, 4,   0.051, -0.084,  0.020
244093.87712, 3,   0.414,  9.735, -0.572, 4,   0.036, -0.104,  0.022
244093.88152, 3,   0.395,  9.840, -0.510, 4,   0.046, -0.096,  0.031
244093.88591, 3,   0.299,  9.797, -0.639, 4,   0.021, -0.085,  0.038
244093.89027, 3,   0.299,  9.778, -0.615, 4,  -0.002, -0.082,  0.037
244093.89467, 3,   0.251,  9.869, -0.486, 4,  -0.003, -0.052,  0.042
244093.89906, 3,   0.318,  9.974, -0.678, 4,  -0.031, -0.022,  0.039
244093.90343, 3,   0.385,  9.831, -0.606, 4,  -0.048,  0.011,  0.043
244093.90782, 3,   0.395,  9.888, -0.462, 4,  -0.035,  0.012,  0.043
244093.91222, 3,   0.338,  9.821, -0.400, 4,  -0.047,  0.017,  0.070
244093.91658, 3,   0.472,  9.692, -0.534, 4,  -0.051,  0.022,  0.062
244093.92097, 3,   0.476,  9.716, -0.457, 4,  -0.060, -0.014,  0.078
244093.92537, 3,   0.582,  9.768, -0.376, 4,  -0.055, -0.031,  0.079
244093.92973, 3,   0.644,  9.840, -0.362, 4,  -0.035, -0.054,  0.071, 5,  10.750,-44.485,  4.848
244093.93413, 3,   0.520,  9.802, -0.342, 4,  -0.040, -0.093,  0.084
244093.93849, 3,   0.505,  9.759, -0.381, 4,  -0.039, -0.094,  0.054
244093.94289, 3,   0.476,  9.807, -0.462, 4,  -0.015, -0.107,  0.040
244093.94728, 3,   0.366,  9.711, -0.362, 4,  -0.044, -0.102,  0.050
244093.95164, 3,   0.261,  9.730, -0.299, 4,  -0.035, -0.081,  0.017
244093.95604, 3,   0.400,  9.778, -0.237, 4,  -0.010, -0.045,  0.010
244093.96043, 3,   0.366,  9.802, -0.366, 4,  -0.014, -0.018,  0.013
244093.96480, 3,   0.256,  9.668, -0.429, 4,  -0.001, -0.001, -0.010
244093.96919, 3,   0.204,  9.764, -0.328, 4,  -0.015,  0.013, -0.003
244093.97359, 3,   0.247,  9.701, -0.452, 4,   0.004,  0.032, -0.017
244093.97795, 3,   0.256,  9.692, -0.448, 4,  -0.009,  0.020, -0.009
244093.98235, 3,   0.242,  9.811, -0.448, 4,  -0.017,  0.002, -0.001
244093.98674, 3,   0.074,  9.831, -0.347, 4,  -0.012, -0.007,  0.004
244093.99110, 3,   0.208,  9.821, -0.376, 4,   0.004, -0.017,  0.023
244093.99550, 3,   0.237,  9.787, -0.505, 4,   0.009, -0.060,  0.033
244093.99986, 3,   0.165,  9.730, -0.529, 4,   0.011, -0.061,  0.034
244094.00426, 3,   0.160,  9.840, -0.539, 4,   0.001, -0.072,  0.045
244094.00865, 3,   0.227,  9.807, -0.414, 4,  -0.005, -0.086,  0.045
244094.01302, 3,   0.170,  9.807, -0.668, 4,  -0.007, -0.083,  0.066
244094.01741, 3,   0.156,  9.725, -0.520, 4,  -0.026, -0.089,  0.050
244094.02180, 3,   0.242,  9.744, -0.510, 4,  -0.003, -0.067,  0.059
244094.02617, 3,   0.165,  9.754, -0.577, 4,  -0.019, -0.056,  0.067
244094.03056, 3,   0.242,  9.783, -0.414, 4,  -0.021, -0.048,  0.071
244094.03496, 3,   0.381,  9.787, -0.505, 4,  -0.045, -0.035,  0.064
244094.03932, 3,   0.496,  9.687, -0.529, 4,  -0.053, -0.022,  0.070
244094.04372, 3,   0.481,  9.706, -0.323, 4,  -0.093, -0.009,  0.046
244094.04811, 3,   0.539,  9.768, -0.424, 4,  -0.080, -0.036,  0.059
244094.05247, 3,   0.682,  9.725, -0.443, 4,  -0.091, -0.027,  0.042
244094.05687, 3,   0.706,  9.701, -0.505, 4,  -0.082, -0.009,  0.029
244094.06126, 3,   0.682,  9.653, -0.467, 4,  -0.042, -0.018,  0.002
244094.06563, 3,   0.735,  9.711, -0.553, 4,  -0.037, -0.010, -0.020
244094.07002, 3,   0.625,  9.658, -0.357, 4,  -0.019, -0.011, -0.033
244094.07439, 3,   0.673,  9.639, -0.548, 4,  -0.019, -0.003, -0.055
244094.07878, 3,   0.620,  9.711, -0.515, 4,  -0.002, -0.009, -0.070
244094.08318, 3,   0.467,  9.567, -0.634, 4,  -0.002, -0.020, -0.093
244094.08754, 3,   0.491,  9.538, -0.740, 4,  -0.007, -0.019, -0.069
244094.09193, 3,   0.553,  9.634, -0.625, 4,   0.001, -0.012, -0.096
244094.09633, 3,   0.414,  9.677, -0.639, 4,  -0.027,  0.005, -0.079
244094.10069, 3,   0.409,  9.749, -0.548, 4,  -0.022,  0.017, -0.099
244094.10509, 3,   0.524,  9.869, -0.625, 4,  -0.032,  0.035, -0.081
244094.10948, 3,   0.275,  9.773, -0.529, 4,  -0.061,  0.042, -0.091
244094.11385, 3,   0.409,  9.768, -0.524, 4,  -0.071,  0.022, -0.061, 5,  11.928,-46.341,  3.708
244094.11824, 3,   0.338,  9.811, -0.390, 4,  -0.082,  0.029, -0.069
244094.12263, 3,   0.347,  9.855, -0.476, 4,  -0.089, -0.004, -0.050
244094.12700, 3,   0.433,  9.783, -0.285, 4,  -0.089,  0.003, -0.043
244094.13139, 3,   0.433,  9.773, -0.357, 4,  -0.107, -0.009, -0.047
244094.13576, 3,   0.371,  9.773, -0.208, 4,  -0.126, -0.013, -0.050
244094.14015, 3,   0.481,  9.816, -0.065, 4,  -0.110, -0.005, -0.043
244094.14455, 3,   0.457,  9.773, -0.160, 4,  -0.103, -0.007, -0.053
244094.14891, 3,   0.462,  9.730,  0.146, 4,  -0.092, -0.030, -0.034
244094.15330, 3,   0.524,  9.855,  0.007, 4,  -0.099, -0.017, -0.060
244094.15770, 3,   0.496,  9.735, -0.012, 4,  -0.085, -0.021, -0.052
244094.16206, 3,   0.548,  9.802,  0.041, 4,  -0.054, -0.038, -0.065
244094.16646, 3,   0.462,  9.864, -0.060, 4,  -0.059, -0.028, -0.068
244094.17085, 3,   0.548,  9.864,  0.098, 4,  -0.042, -0.024, -0.094
244094.17522, 3,   0.520,  9.902,  0.117, 4,  -0.027, -0.030, -0.084
244094.17961, 3,   0.429,  9.878,  0.012, 4,  -0.004, -0.001, -0.077
244094.18401, 3,   0.433,  9.974,  0.098, 4,  -0.011,  0.012, -0.067
244094.18837, 3,   0.486,  9.979,  0.275, 4,  -0.006,  0.006, -0.078
244094.19276, 3,   0.472,  9.960,  0.175, 4,   0.000, -0.015, -0.079
244094.19716, 3,   0.452,  9.936,  0.141, 4,   0.000, -0.027, -0.080
244094.20152, 3,   0.438,  9.946,  0.170, 4,   0.016, -0.049, -0.062
244094.20592, 3,   0.524,  9.926,  0.098, 4,   0.027, -0.062, -0.058
244094.21028, 3,   0.256,  9.893,  0.045, 4,   0.036, -0.080, -0.055
244094.21468, 3,   0.414,  9.850,  0.127, 4,   0.017, -0.077, -0.062
244094.21907, 3,   0.328,  9.864,  0.089, 4,   0.051, -0.068, -0.043
244094.22343, 3,   0.467,  9.888,  0.194, 4,   0.076, -0.077, -0.043
244094.22783, 3,   0.371,  9.902, -0.275, 4,   0.094, -0.054, -0.029
244094.23222, 3,   0.414,  9.802, -0.098, 4,   0.107, -0.054, -0.023
244094.23659, 3,   0.419,  9.787, -0.036, 4,   0.124, -0.066, -0.048
244094.24098, 3,   0.476,  9.764, -0.093, 4,   0.137, -0.066, -0.039
244094.24538, 3,   0.496,  9.725, -0.280, 4,   0.148, -0.091, -0.020
244094.24974, 3,   0.400,  9.744, -0.328, 4,   0.133, -0.112, -0.037
244094.25413, 3,   0.543,  9.668, -0.362, 4,   0.120, -0.122, -0.039
244094.25853, 3,   0.438,  9.682, -0.429, 4,   0.133, -0.136, -0.028
244094.26289, 3,   0.366,  9.764, -0.371, 4,   0.119, -0.132, -0.010
244094.26729, 3,   0.342,  9.634, -0.452, 4,   0.109, -0.122, -0.023
244094.27165, 3,   0.385,  9.673, -0.701, 4,   0.081, -0.121, -0.018
244094.27605, 3,   0.448,  9.677, -0.452, 4,   0.086, -0.121,  0.000
244094.28044, 3,   0.467,  9.567, -0.491, 4,   0.047, -0.109, -0.019
244094.28480, 3,   0.481,  9.701, -0.543, 4,   0.050, -0.079, -0.007
244094.28920, 3,   0.366,  9.687, -0.611, 4,   0.023, -0.093,  0.000
244094.29359, 3,   0.452,  9.673, -0.658, 4,   0.026, -0.091,  0.007
244094.29796, 3,   0.462,  9.730, -0.639, 4,   0.004, -0.094, -0.005, 5,  12.769,-45.497,  3.870
244094.30235, 3,   0.520,  9.649, -0.558, 4,  -0.012, -0.077, -0.003
244094.30675, 3,   0.457,  9.687, -0.721, 4,  -0.040, -0.084,  0.012
244094.31111, 3,   0.486,  9.658, -0.548, 4,  -0.039, -0.089, -0.010
244094.31551, 3,   0.462,  9.567, -0.735, 4,  -0.046, -0.113, -0.024
244094.31990, 3,   0.271,  9.649, -0.496, 4,  -0.053, -0.083, -0.007
244094.32426, 3,   0.452,  9.682, -0.333, 4,  -0.045, -0.070, -0.029
244094.32866, 3,   0.314,  9.677, -0.405, 4,  -0.054, -0.064, -0.030
244094.33305, 3,   0.342,  9.606, -0.299, 4,  -0.040, -0.048, -0.033
244094.33742, 3,   0.213,  9.744, -0.563, 4,  -0.009, -0.038, -0.054
244094.34181, 3,   0.275,  9.634, -0.414, 4,  -0.021, -0.036, -0.047
244094.34618, 3,   0.213,  9.606, -0.314, 4,   0.007, -0.046, -0.055
244094.35057, 3,   0.223,  9.625, -0.247, 4,  -0.019, -0.062, -0.051
244094.35496, 3,   0.256,  9.649, -0.309, 4,  -0.012, -0.067, -0.035
244094.35933, 3,   0.175,  9.811, -0.376, 4,  -0.012, -0.078, -0.042
244094.36372, 3,   0.342,  9.706, -0.342, 4,  -0.019, -0.084, -0.027
244094.36812, 3,   0.237,  9.658, -0.448, 4,  -0.010, -0.075, -0.021
244094.37248, 3,   0.338,  9.668, -0.385, 4,   0.009, -0.059, -0.013
244094.37688, 3,   0.299,  9.730, -0.357, 4,  -0.010, -0.060, -0.024
244094.38127, 3,   0.299,  9.792, -0.204, 4,   0.003, -0.061, -0.019
244094.38564, 3,   0.237,  9.773, -0.314, 4,  -0.010, -0.053, -0.019
244094.39003, 3,   0.271,  9.673, -0.213, 4,  -0.024, -0.049, -0.030
244094.39442, 3,   0.151,  9.620, -0.338, 4,  -0.001, -0.033, -0.034
244094.39879, 3,   0.204,  9.620, -0.433, 4,  -0.014, -0.035, -0.036
244094.40318, 3,   0.194,  9.673, -0.299, 4,   0.001, -0.042, -0.024
244094.40755, 3,   0.089,  9.778, -0.452, 4,  -0.013, -0.031, -0.024
244094.41194, 3,   0.060,  9.821, -0.405, 4,  -0.022, -0.035, -0.017
244094.41634, 3,   0.074,  9.797, -0.314, 4,  -0.011, -0.044, -0.026
244094.42070, 3,   0.156,  9.792, -0.266, 4,  -0.036, -0.043, -0.011
244094.42509, 3,   0.108,  9.802, -0.318, 4,  -0.051, -0.031, -0.018
244094.42949, 3,   0.069,  9.831, -0.309, 4,  -0.032, -0.038,  0.003
244094.43385, 3,   0.069,  9.874, -0.223, 4,  -0.039, -0.055,  0.012
244094.43825, 3,   0.213,  9.802, -0.333, 4,  -0.052, -0.059,  0.003
244094.44264, 3,   0.156,  9.874, -0.232, 4,  -0.058, -0.070,  0.001
244094.44701, 3,   0.232,  9.888, -0.280, 4,  -0.065, -0.094,  0.016
244094.45140, 3,   0.093,  9.888, -0.208, 4,  -0.059, -0.080,  0.020
244094.45579, 3,   0.132,  9.802, -0.251, 4,  -0.079, -0.086,  0.009
244094.46016, 3,   0.170,  9.711, -0.280, 4,  -0.084, -0.079,  0.032
244094.46455, 3,   0.026,  9.797, -0.314, 4,  -0.061, -0.045,  0.010
244094.46895, 3,   0.180,  9.922, -0.175, 4,  -0.091, -0.051,  0.013
244094.47331, 3,   0.045,  9.926, -0.271, 4,  -0.091, -0.023,  0.017
244094.47771, 3,  -0.069,  9.869, -0.141, 4,  -0.054, -0.031,  0.003
244094.48207, 3,   0.184,  9.811, -0.146, 4,  -0.060, -0.030,  0.024, 5,  11.758,-45.834,  3.218
244094.48647, 3,   0.022,  9.931, -0.175, 4,  -0.062, -0.024,  0.002
244094.49086, 3,   0.136,  9.922, -0.122, 4,  -0.043, -0.023,  0.016
244094.49522, 3,  -0.045,  9.946, -0.184, 4,  -0.058, -0.029,  0.017
244094.49962, 3,  -0.002,  9.893, -0.045, 4,  -0.046, -0.047, -0.006
244094.50401, 3,  -0.007,  9.893, -0.031, 4,  -0.044, -0.017,  0.011
244094.50838, 3,   0.012,  9.960, -0.079, 4,  -0.044, -0.024,  0.005
244094.51277, 3,   0.060,  9.893, -0.108, 4,  -0.037, -0.043,  0.017
244094.51717, 3,  -0.084, 10.017, -0.113, 4,  -0.033, -0.034,  0.015
244094.52154, 3,  -0.041,  9.965,  0.026, 4,  -0.024, -0.061,  0.033
244094.52594, 3,  -0.084,  9.850, -0.141, 4,  -0.034, -0.060,  0.031
244094.53033, 3,  -0.060,  9.840, -0.089, 4,  -0.013, -0.043,  0.031
244094.53469, 3,  -0.065,  9.974, -0.170, 4,  -0.007, -0.036,  0.024
244094.53909, 3,   0.089,  9.874, -0.122, 4,  -0.002, -0.004,  0.043
244094.54345, 3,   0.041,  9.855, -0.127, 4,   0.020, -0.017,  0.045
244094.54785, 3,   0.079,  9.984, -0.098, 4,  -0.013, -0.004,  0.029
244094.55224, 3,   0.247,  9.946,  0.036, 4,   0.009,  0.000,  0.021
244094.55661, 3,   0.093,  9.792, -0.180, 4,   0.002,  0.013,  0.037
244094.56100, 3,   0.204, 10.008, -0.199, 4,   0.026, -0.006,  0.033
244094.56540, 3,   0.127,  9.936, -0.242, 4,   0.018, -0.009,  0.023
244094.56976, 3,   0.194,  9.893, -0.271, 4,   0.033, -0.016,  0.027
244094.57415, 3,   0.194,  9.926, -0.132, 4,   0.020, -0.039,  0.045
244094.57855, 3,   0.347,  9.902, -0.285, 4,   0.045, -0.038,  0.031
244094.58291, 3,   0.242,  9.955, -0.223, 4,   0.050, -0.038,  0.033
244094.58731, 3,   0.251,  9.845, -0.376, 4,   0.047, -0.046,  0.035
244094.59170, 3,   0.371,  9.993, -0.323, 4,   0.037, -0.049,  0.050
244094.59607, 3,   0.318,  9.859, -0.452, 4,   0.028, -0.032,  0.045
244094.60046, 3,   0.165,  9.859, -0.381, 4,   0.026, -0.020,  0.028
244094.60485, 3,   0.141,  9.883, -0.261, 4,   0.027, -0.020,  0.029
244094.60922, 3,   0.184,  9.835, -0.314, 4,   0.010,  0.000,  0.052
244094.61361, 3,   0.247,  9.965, -0.333, 4,   0.001,  0.014,  0.061
244094.61798, 3,   0.237,  9.950, -0.405, 4,   0.002,  0.029,  0.051
244094.62237, 3,   0.309,  9.864, -0.266, 4,  -0.023,  0.043,  0.083
244094.62677, 3,   0.323,  9.797, -0.227, 4,  -0.007,  0.025,  0.071
244094.63113, 3,   0.328,  9.869, -0.098, 4,  -0.026,  0.020,  0.079
