samples/20151207_222250.jpg/0001_0286_0185_0079_0026.jpg 1 286 185 79 26
samples/20151207_222250.jpg/0002_0780_2775_1830_0610.jpg 1 780 2775 1830 610
samples/20151207_222250.jpg/0003_1696_1298_0733_0244.jpg 1 1696 1298 733 244
samples/20151207_222250.jpg/0004_0473_1363_2498_0832.jpg 1 473 1363 2498 832
samples/20151207_222250.jpg/0005_0406_0731_1974_0658.jpg 1 406 731 1974 658
samples/20151207_222250.jpg/0006_1401_1925_1991_0663.jpg 1 1401 1925 1991 663
samples/20151207_222715.jpg/0001_1347_0683_1733_0577.jpg 1 1347 683 1733 577
samples/20151207_222715.jpg/0002_0588_0305_2251_0750.jpg 1 588 305 2251 750
samples/20151207_222715.jpg/0003_0180_0235_0178_0059.jpg 1 180 235 178 59
samples/20151207_222715.jpg/0004_0841_1694_1655_0551.jpg 1 841 1694 1655 551
samples/20151207_222715.jpg/0005_1270_2991_1514_0504.jpg 1 1270 2991 1514 504
samples/20151207_222715.jpg/0006_0522_0406_0670_0223.jpg 1 522 406 670 223
samples/20151207_222252.jpg/0001_0486_0440_0225_0075.jpg 1 486 440 225 75
samples/20151207_222252.jpg/0002_0178_0493_0805_0268.jpg 1 178 493 805 268
samples/20151207_222252.jpg/0003_0459_2458_0377_0125.jpg 1 459 2458 377 125
samples/20151207_222252.jpg/0004_2406_1976_1415_0471.jpg 1 2406 1976 1415 471
samples/20151207_222252.jpg/0005_0905_0867_1490_0496.jpg 1 905 867 1490 496
samples/20151207_222252.jpg/0006_2140_2169_1592_0530.jpg 1 2140 2169 1592 530
samples/20151207_222322.jpg/0001_0285_1296_1991_0663.jpg 1 285 1296 1991 663
samples/20151207_222322.jpg/0002_0577_0467_0632_0210.jpg 1 577 467 632 210
samples/20151207_222322.jpg/0003_1579_1375_1344_0448.jpg 1 1579 1375 1344 448
samples/20151207_222322.jpg/0004_1548_0774_2377_0792.jpg 1 1548 774 2377 792
samples/20151207_222322.jpg/0005_1381_0672_2454_0818.jpg 1 1381 672 2454 818
samples/20151207_222322.jpg/0006_0750_3045_1327_0442.jpg 1 750 3045 1327 442
samples/20151207_222408.jpg/0001_1537_2211_1237_0412.jpg 1 1537 2211 1237 412
samples/20151207_222408.jpg/0002_0814_1848_2610_0870.jpg 1 814 1848 2610 870
samples/20151207_222408.jpg/0003_0905_0462_1476_0492.jpg 1 905 462 1476 492
samples/20151207_222408.jpg/0004_0555_0941_0263_0087.jpg 1 555 941 263 87
samples/20151207_222408.jpg/0005_0386_0360_0481_0160.jpg 1 386 360 481 160
samples/20151207_222408.jpg/0006_0704_0723_0539_0179.jpg 1 704 723 539 179
samples/20151207_222243.jpg/0001_0656_0478_1188_0396.jpg 1 656 478 1188 396
samples/20151207_222243.jpg/0002_0620_0636_0694_0231.jpg 1 620 636 694 231
samples/20151207_222243.jpg/0003_0170_0572_1275_0425.jpg 1 170 572 1275 425
samples/20151207_222243.jpg/0004_0697_0662_0745_0248.jpg 1 697 662 745 248
samples/20151207_222243.jpg/0005_0554_2258_1791_0597.jpg 1 554 2258 1791 597
samples/20151207_222243.jpg/0006_0243_1735_2860_0953.jpg 1 243 1735 2860 953
samples/20151207_222340.jpg/0001_0932_0791_0327_0109.jpg 1 932 791 327 109
samples/20151207_222340.jpg/0002_0358_0535_0565_0188.jpg 1 358 535 565 188
samples/20151207_222340.jpg/0003_0282_0708_0599_0199.jpg 1 282 708 599 199
samples/20151207_222340.jpg/0004_0215_0316_0483_0161.jpg 1 215 316 483 161
samples/20151207_222340.jpg/0005_0287_0409_0834_0278.jpg 1 287 409 834 278
samples/20151207_222340.jpg/0006_1152_0564_0529_0176.jpg 1 1152 564 529 176
samples/20151207_222258.jpg/0001_0999_1687_1834_0611.jpg 1 999 1687 1834 611
samples/20151207_222258.jpg/0002_1106_1646_1935_0645.jpg 1 1106 1646 1935 645
samples/20151207_222258.jpg/0003_1733_0654_0914_0304.jpg 1 1733 654 914 304
samples/20151207_222258.jpg/0004_0518_1094_2124_0708.jpg 1 518 1094 2124 708
samples/20151207_222258.jpg/0005_1405_0709_0539_0179.jpg 1 1405 709 539 179
samples/20151207_222258.jpg/0006_0934_0330_0126_0042.jpg 1 934 330 126 42
samples/20151207_222254.jpg/0001_2316_0654_1076_0358.jpg 1 2316 654 1076 358
samples/20151207_222254.jpg/0002_0399_0273_0619_0206.jpg 1 399 273 619 206
samples/20151207_222254.jpg/0003_0389_0376_0632_0210.jpg 1 389 376 632 210
samples/20151207_222254.jpg/0004_1194_1515_1005_0335.jpg 1 1194 1515 1005 335
samples/20151207_222254.jpg/0005_0190_1238_0728_0242.jpg 1 190 1238 728 242
samples/20151207_222254.jpg/0006_0302_1185_0571_0190.jpg 1 302 1185 571 190
samples/20151207_222307.jpg/0001_0516_0363_1059_0353.jpg 1 516 363 1059 353
samples/20151207_222307.jpg/0002_2655_1484_1125_0375.jpg 1 2655 1484 1125 375
samples/20151207_222307.jpg/0003_0383_0370_0492_0164.jpg 1 383 370 492 164
samples/20151207_222307.jpg/0004_0740_0166_0100_0033.jpg 1 740 166 100 33
samples/20151207_222307.jpg/0005_0117_0559_1168_0389.jpg 1 117 559 1168 389
samples/20151207_222307.jpg/0006_0271_0484_1809_0603.jpg 1 271 484 1809 603
samples/20151207_222306.jpg/0001_1214_0774_1339_0446.jpg 1 1214 774 1339 446
samples/20151207_222306.jpg/0002_0574_0402_0664_0221.jpg 1 574 402 664 221
samples/20151207_222306.jpg/0003_0834_1090_1720_0573.jpg 1 834 1090 1720 573
samples/20151207_222306.jpg/0004_0835_1373_0647_0215.jpg 1 835 1373 647 215
samples/20151207_222306.jpg/0005_0690_2589_0781_0260.jpg 1 690 2589 781 260
samples/20151207_222306.jpg/0006_0251_0746_1585_0528.jpg 1 251 746 1585 528
samples/20151207_222311.jpg/0001_0865_0162_0500_0166.jpg 1 865 162 500 166
samples/20151207_222311.jpg/0002_3135_2307_0427_0142.jpg 1 3135 2307 427 142
samples/20151207_222311.jpg/0003_1107_0751_0349_0116.jpg 1 1107 751 349 116
samples/20151207_222311.jpg/0004_0601_1317_0425_0141.jpg 1 601 1317 425 141
samples/20151207_222311.jpg/0005_1017_0532_0439_0146.jpg 1 1017 532 439 146
samples/20151207_222311.jpg/0006_3036_2350_0412_0137.jpg 1 3036 2350 412 137
samples/20151207_222345.jpg/0001_2033_0419_0270_0090.jpg 1 2033 419 270 90
samples/20151207_222345.jpg/0002_1342_1854_0819_0273.jpg 1 1342 1854 819 273
samples/20151207_222345.jpg/0003_0866_2018_1851_0617.jpg 1 866 2018 1851 617
samples/20151207_222345.jpg/0004_1034_0468_0731_0243.jpg 1 1034 468 731 243
samples/20151207_222345.jpg/0005_2198_1887_1225_0408.jpg 1 2198 1887 1225 408
samples/20151207_222345.jpg/0006_1994_1340_0729_0243.jpg 1 1994 1340 729 243
samples/20151207_222725.jpg/0001_0595_0857_2105_0701.jpg 1 595 857 2105 701
samples/20151207_222725.jpg/0002_1595_0532_1080_0360.jpg 1 1595 532 1080 360
samples/20151207_222725.jpg/0003_0636_1638_1632_0544.jpg 1 636 1638 1632 544
samples/20151207_222725.jpg/0004_1845_0974_1647_0549.jpg 1 1845 974 1647 549
samples/20151207_222725.jpg/0005_0640_1827_1109_0369.jpg 1 640 1827 1109 369
samples/20151207_222725.jpg/0006_1102_0651_1776_0592.jpg 1 1102 651 1776 592
samples/20151207_222724.jpg/0001_0634_0129_1187_0395.jpg 1 634 129 1187 395
samples/20151207_222724.jpg/0002_1211_1491_1508_0502.jpg 1 1211 1491 1508 502
samples/20151207_222724.jpg/0003_1076_1813_1054_0351.jpg 1 1076 1813 1054 351
samples/20151207_222724.jpg/0004_1678_0775_0203_0067.jpg 1 1678 775 203 67
samples/20151207_222724.jpg/0005_0273_0532_0760_0253.jpg 1 273 532 760 253
samples/20151207_222724.jpg/0006_1468_0949_0434_0144.jpg 1 1468 949 434 144
samples/20151207_222406.jpg/0001_2233_0661_0324_0108.jpg 1 2233 661 324 108
samples/20151207_222406.jpg/0002_0576_0740_2488_0829.jpg 1 576 740 2488 829
samples/20151207_222406.jpg/0003_0326_0500_0616_0205.jpg 1 326 500 616 205
samples/20151207_222406.jpg/0004_1367_1335_1538_0512.jpg 1 1367 1335 1538 512
samples/20151207_222406.jpg/0005_1071_0437_2826_0942.jpg 1 1071 437 2826 942
samples/20151207_222406.jpg/0006_0221_0729_1672_0557.jpg 1 221 729 1672 557
samples/20151207_222248.jpg/0001_0799_2815_1698_0566.jpg 1 799 2815 1698 566
samples/20151207_222248.jpg/0002_1221_0565_0198_0066.jpg 1 1221 565 198 66
samples/20151207_222248.jpg/0003_0634_1326_1779_0593.jpg 1 634 1326 1779 593
samples/20151207_222248.jpg/0004_1972_1824_1507_0502.jpg 1 1972 1824 1507 502
samples/20151207_222248.jpg/0005_0906_0677_2835_0945.jpg 1 906 677 2835 945
samples/20151207_222248.jpg/0006_1131_1883_0225_0075.jpg 1 1131 1883 225 75
samples/20151207_222255.jpg/0001_1801_1296_1035_0345.jpg 1 1801 1296 1035 345
samples/20151207_222255.jpg/0002_0364_1513_1750_0583.jpg 1 364 1513 1750 583
samples/20151207_222255.jpg/0003_1896_2222_0765_0255.jpg 1 1896 2222 765 255
samples/20151207_222255.jpg/0004_1257_0261_2069_0689.jpg 1 1257 261 2069 689
samples/20151207_222255.jpg/0005_0918_1162_2620_0873.jpg 1 918 1162 2620 873
samples/20151207_222255.jpg/0006_0318_0134_1060_0353.jpg 1 318 134 1060 353
samples/20151207_222344.jpg/0001_0559_0677_0800_0266.jpg 1 559 677 800 266
samples/20151207_222344.jpg/0002_0828_0282_0655_0218.jpg 1 828 282 655 218
samples/20151207_222344.jpg/0003_0880_2380_0535_0178.jpg 1 880 2380 535 178
samples/20151207_222344.jpg/0004_0526_0610_0790_0263.jpg 1 526 610 790 263
samples/20151207_222344.jpg/0005_0731_0868_0475_0158.jpg 1 731 868 475 158
samples/20151207_222344.jpg/0006_1882_0602_0070_0023.jpg 1 1882 602 70 23
samples/20151207_222301.jpg/0001_0414_2115_0928_0309.jpg 1 414 2115 928 309
samples/20151207_222301.jpg/0002_0979_2035_0286_0095.jpg 1 979 2035 286 95
samples/20151207_222301.jpg/0003_2222_1084_0489_0163.jpg 1 2222 1084 489 163
samples/20151207_222301.jpg/0004_0976_2451_1876_0625.jpg 1 976 2451 1876 625
samples/20151207_222301.jpg/0005_0648_1057_1722_0574.jpg 1 648 1057 1722 574
samples/20151207_222301.jpg/0006_0803_3030_1988_0662.jpg 1 803 3030 1988 662
samples/20151207_222302.jpg/0001_1350_0799_0134_0044.jpg 1 1350 799 134 44
samples/20151207_222302.jpg/0002_2054_1531_0859_0286.jpg 1 2054 1531 859 286
samples/20151207_222302.jpg/0003_0836_0193_0132_0044.jpg 1 836 193 132 44
samples/20151207_222302.jpg/0004_0328_0412_1942_0647.jpg 1 328 412 1942 647
samples/20151207_222302.jpg/0005_0541_0420_0484_0161.jpg 1 541 420 484 161
samples/20151207_222302.jpg/0006_0389_0232_0264_0088.jpg 1 389 232 264 88
samples/20151207_222721.jpg/0001_0797_0481_2808_0936.jpg 1 797 481 2808 936
samples/20151207_222721.jpg/0002_0321_0351_0743_0247.jpg 1 321 351 743 247
samples/20151207_222721.jpg/0003_1608_1858_1502_0500.jpg 1 1608 1858 1502 500
samples/20151207_222721.jpg/0004_0520_2143_1356_0452.jpg 1 520 2143 1356 452
samples/20151207_222721.jpg/0005_0208_1451_2810_0936.jpg 1 208 1451 2810 936
samples/20151207_222721.jpg/0006_0274_0579_0608_0202.jpg 1 274 579 608 202
samples/20151207_222310.jpg/0001_0256_0475_2091_0697.jpg 1 256 475 2091 697
samples/20151207_222310.jpg/0002_1201_3074_1102_0367.jpg 1 1201 3074 1102 367
samples/20151207_222310.jpg/0003_0447_0519_1317_0439.jpg 1 447 519 1317 439
samples/20151207_222310.jpg/0004_1182_1295_0953_0317.jpg 1 1182 1295 953 317
samples/20151207_222310.jpg/0005_0239_0431_1237_0412.jpg 1 239 431 1237 412
samples/20151207_222310.jpg/0006_0736_0277_1077_0359.jpg 1 736 277 1077 359
samples/20151207_222236.jpg/0001_1808_1262_0137_0045.jpg 1 1808 1262 137 45
samples/20151207_222236.jpg/0002_0310_0349_0177_0059.jpg 1 310 349 177 59
samples/20151207_222236.jpg/0003_1435_2744_0977_0325.jpg 1 1435 2744 977 325
samples/20151207_222236.jpg/0004_0416_1178_0179_0059.jpg 1 416 1178 179 59
samples/20151207_222236.jpg/0005_0363_0919_0359_0119.jpg 1 363 919 359 119
samples/20151207_222236.jpg/0006_0353_0526_1296_0432.jpg 1 353 526 1296 432
samples/20151207_222317.jpg/0001_0405_0741_0525_0175.jpg 1 405 741 525 175
samples/20151207_222317.jpg/0002_1495_2716_0471_0157.jpg 1 1495 2716 471 157
samples/20151207_222317.jpg/0003_0456_0889_0887_0295.jpg 1 456 889 887 295
samples/20151207_222317.jpg/0004_1638_2067_0962_0320.jpg 1 1638 2067 962 320
samples/20151207_222317.jpg/0005_0842_0349_0671_0223.jpg 1 842 349 671 223
samples/20151207_222317.jpg/0006_1054_3222_1522_0507.jpg 1 1054 3222 1522 507
samples/20151207_222404.jpg/0001_0367_0101_0947_0315.jpg 1 367 101 947 315
samples/20151207_222404.jpg/0002_0462_0442_1089_0363.jpg 1 462 442 1089 363
samples/20151207_222404.jpg/0003_1271_2144_0814_0271.jpg 1 1271 2144 814 271
samples/20151207_222404.jpg/0004_0319_0362_0975_0325.jpg 1 319 362 975 325
samples/20151207_222404.jpg/0005_1598_0781_0116_0038.jpg 1 1598 781 116 38
samples/20151207_222404.jpg/0006_0595_0240_0708_0236.jpg 1 595 240 708 236
samples/20151207_222230.jpg/0001_0641_1368_0283_0094.jpg 1 641 1368 283 94
samples/20151207_222230.jpg/0002_1317_0277_0830_0276.jpg 1 1317 277 830 276
samples/20151207_222230.jpg/0003_0966_0834_1888_0629.jpg 1 966 834 1888 629
samples/20151207_222230.jpg/0004_0483_1856_2392_0797.jpg 1 483 1856 2392 797
samples/20151207_222230.jpg/0005_0848_1012_0626_0208.jpg 1 848 1012 626 208
samples/20151207_222230.jpg/0006_0598_0394_2864_0954.jpg 1 598 394 2864 954
samples/20151207_222256.jpg/0001_0444_2092_1022_0340.jpg 1 444 2092 1022 340
samples/20151207_222256.jpg/0002_0322_1259_1478_0492.jpg 1 322 1259 1478 492
samples/20151207_222256.jpg/0003_0678_1398_0234_0078.jpg 1 678 1398 234 78
samples/20151207_222256.jpg/0004_0083_1156_0547_0182.jpg 1 83 1156 547 182
samples/20151207_222256.jpg/0005_0648_0894_0119_0039.jpg 1 648 894 119 39
samples/20151207_222256.jpg/0006_1978_1947_0930_0310.jpg 1 1978 1947 930 310
samples/20151207_222731.jpg/0001_0373_1712_1472_0490.jpg 1 373 1712 1472 490
samples/20151207_222731.jpg/0002_0405_1220_0354_0118.jpg 1 405 1220 354 118
samples/20151207_222731.jpg/0003_1138_1006_1586_0528.jpg 1 1138 1006 1586 528
samples/20151207_222731.jpg/0004_0614_0332_0394_0131.jpg 1 614 332 394 131
samples/20151207_222731.jpg/0005_0526_1445_0143_0047.jpg 1 526 1445 143 47
samples/20151207_222731.jpg/0006_1402_0835_0179_0059.jpg 1 1402 835 179 59
samples/20151207_222304.jpg/0001_0522_1029_1792_0597.jpg 1 522 1029 1792 597
samples/20151207_222304.jpg/0002_0846_0644_2327_0775.jpg 1 846 644 2327 775
samples/20151207_222304.jpg/0003_2233_1438_0416_0138.jpg 1 2233 1438 416 138
samples/20151207_222304.jpg/0004_0689_3018_1102_0367.jpg 1 689 3018 1102 367
samples/20151207_222304.jpg/0005_0801_0499_1475_0491.jpg 1 801 499 1475 491
samples/20151207_222304.jpg/0006_1257_0546_1097_0365.jpg 1 1257 546 1097 365
samples/20151207_222726.jpg/0001_0753_0245_2816_0938.jpg 1 753 245 2816 938
samples/20151207_222726.jpg/0002_2574_0635_0086_0028.jpg 1 2574 635 86 28
samples/20151207_222726.jpg/0003_0854_0330_0112_0037.jpg 1 854 330 112 37
samples/20151207_222726.jpg/0004_1791_2518_0084_0028.jpg 1 1791 2518 84 28
samples/20151207_222726.jpg/0005_1233_1106_1619_0539.jpg 1 1233 1106 1619 539
samples/20151207_222726.jpg/0006_0588_0451_1240_0413.jpg 1 588 451 1240 413
samples/20151207_222347.jpg/0001_1720_1409_0664_0221.jpg 1 1720 1409 664 221
samples/20151207_222347.jpg/0002_0459_0815_0533_0177.jpg 1 459 815 533 177
samples/20151207_222347.jpg/0003_1191_1549_1130_0376.jpg 1 1191 1549 1130 376
samples/20151207_222347.jpg/0004_1481_0332_1366_0455.jpg 1 1481 332 1366 455
samples/20151207_222347.jpg/0005_1588_2610_0375_0125.jpg 1 1588 2610 375 125
samples/20151207_222347.jpg/0006_1123_0460_2844_0948.jpg 1 1123 460 2844 948
samples/20151207_222319.jpg/0001_1140_0988_2761_0920.jpg 1 1140 988 2761 920
samples/20151207_222319.jpg/0002_0720_1761_2417_0805.jpg 1 720 1761 2417 805
samples/20151207_222319.jpg/0003_0196_0572_1242_0414.jpg 1 196 572 1242 414
samples/20151207_222319.jpg/0004_0701_1717_2332_0777.jpg 1 701 1717 2332 777
samples/20151207_222319.jpg/0005_0293_0948_2499_0833.jpg 1 293 948 2499 833
samples/20151207_222713.jpg/0001_1980_1695_0465_0155.jpg 1 1980 1695 465 155
samples/20151207_222713.jpg/0002_0470_0429_1333_0444.jpg 1 470 429 1333 444
samples/20151207_222713.jpg/0003_2434_1512_1150_0383.jpg 1 2434 1512 1150 383
samples/20151207_222713.jpg/0004_0288_0493_1031_0343.jpg 1 288 493 1031 343
samples/20151207_222713.jpg/0005_0591_1770_2306_0768.jpg 1 591 1770 2306 768
samples/20151207_222234.jpg/0001_0992_0114_0724_0241.jpg 1 992 114 724 241
samples/20151207_222234.jpg/0002_0862_0170_0825_0275.jpg 1 862 170 825 275
samples/20151207_222234.jpg/0003_1262_1993_2462_0820.jpg 1 1262 1993 2462 820
samples/20151207_222234.jpg/0004_0300_0152_0733_0244.jpg 1 300 152 733 244
samples/20151207_222234.jpg/0005_1150_0879_1837_0612.jpg 1 1150 879 1837 612
samples/20151207_222332.jpg/0001_0295_1359_2031_0677.jpg 1 295 1359 2031 677
samples/20151207_222332.jpg/0002_2091_2294_0356_0118.jpg 1 2091 2294 356 118
samples/20151207_222332.jpg/0003_0708_0265_1868_0622.jpg 1 708 265 1868 622
samples/20151207_222332.jpg/0004_0571_2146_0355_0118.jpg 1 571 2146 355 118
samples/20151207_222332.jpg/0005_0688_0251_1344_0448.jpg 1 688 251 1344 448
samples/20151207_222314.jpg/0001_0978_0351_0271_0090.jpg 1 978 351 271 90
samples/20151207_222314.jpg/0002_1379_2043_2322_0774.jpg 1 1379 2043 2322 774
samples/20151207_222314.jpg/0003_0544_0199_1008_0336.jpg 1 544 199 1008 336
samples/20151207_222314.jpg/0004_0884_0380_0067_0022.jpg 1 884 380 67 22
samples/20151207_222314.jpg/0005_0672_1741_2394_0798.jpg 1 672 1741 2394 798
samples/20151207_222723.jpg/0001_0860_1878_2902_0967.jpg 1 860 1878 2902 967
samples/20151207_222723.jpg/0002_1722_0633_0966_0322.jpg 1 1722 633 966 322
samples/20151207_222723.jpg/0003_1137_1468_2112_0704.jpg 1 1137 1468 2112 704
samples/20151207_222723.jpg/0004_0622_0394_1878_0626.jpg 1 622 394 1878 626
samples/20151207_222723.jpg/0005_0322_0775_2810_0936.jpg 1 322 775 2810 936
samples/20151207_222315.jpg/0001_0865_0695_0730_0243.jpg 1 865 695 730 243
samples/20151207_222315.jpg/0002_0306_1167_2175_0725.jpg 1 306 1167 2175 725
samples/20151207_222315.jpg/0003_2381_1990_0372_0124.jpg 1 2381 1990 372 124
samples/20151207_222315.jpg/0004_2306_1053_0098_0032.jpg 1 2306 1053 98 32
samples/20151207_222315.jpg/0005_0498_1232_2562_0854.jpg 1 498 1232 2562 854
samples/20151207_222346.jpg/0001_1231_0151_0130_0043.jpg 1 1231 151 130 43
samples/20151207_222346.jpg/0002_0310_0503_0896_0298.jpg 1 310 503 896 298
samples/20151207_222346.jpg/0003_0294_0575_0171_0057.jpg 1 294 575 171 57
samples/20151207_222346.jpg/0004_1349_1729_0947_0315.jpg 1 1349 1729 947 315
samples/20151207_222346.jpg/0005_0751_0291_0953_0317.jpg 1 751 291 953 317
samples/20151207_222321.jpg/0001_0079_0466_0345_0115.jpg 1 79 466 345 115
samples/20151207_222321.jpg/0002_0540_0254_0182_0060.jpg 1 540 254 182 60
samples/20151207_222321.jpg/0003_1305_0959_0226_0075.jpg 1 1305 959 226 75
samples/20151207_222321.jpg/0004_0329_0919_0387_0129.jpg 1 329 919 387 129
samples/20151207_222321.jpg/0005_0312_0623_0625_0208.jpg 1 312 623 625 208
samples/20151207_222331.jpg/0001_0462_0463_2028_0676.jpg 1 462 463 2028 676
samples/20151207_222331.jpg/0002_0736_0729_0620_0206.jpg 1 736 729 620 206
samples/20151207_222331.jpg/0003_0288_2272_1663_0554.jpg 1 288 2272 1663 554
samples/20151207_222331.jpg/0004_0460_1525_0511_0170.jpg 1 460 1525 511 170
samples/20151207_222331.jpg/0005_1988_2032_0900_0300.jpg 1 1988 2032 900 300
samples/20151207_222729.jpg/0001_0319_0182_0860_0286.jpg 1 319 182 860 286
samples/20151207_222729.jpg/0002_0408_1980_2678_0892.jpg 1 408 1980 2678 892
samples/20151207_222729.jpg/0003_0127_0100_1342_0447.jpg 1 127 100 1342 447
samples/20151207_222729.jpg/0004_2463_1049_0291_0097.jpg 1 2463 1049 291 97
samples/20151207_222729.jpg/0005_0468_0180_0205_0068.jpg 1 468 180 205 68
samples/20151207_215008.jpg/0001_1372_2232_1568_0522.jpg 1 1372 2232 1568 522
samples/20151207_215008.jpg/0002_1374_1737_1062_0354.jpg 1 1374 1737 1062 354
samples/20151207_215008.jpg/0003_0377_1081_2147_0715.jpg 1 377 1081 2147 715
samples/20151207_215008.jpg/0004_1233_2201_1649_0549.jpg 1 1233 2201 1649 549
samples/20151207_215008.jpg/0005_1274_0458_0892_0297.jpg 1 1274 458 892 297
samples/20151207_222336.jpg/0001_1521_1738_2029_0676.jpg 1 1521 1738 2029 676
samples/20151207_222336.jpg/0002_0659_1325_0440_0146.jpg 1 659 1325 440 146
samples/20151207_222336.jpg/0003_0409_0333_2626_0875.jpg 1 409 333 2626 875
samples/20151207_222336.jpg/0004_0578_2018_2278_0759.jpg 1 578 2018 2278 759
samples/20151207_222336.jpg/0005_0367_0931_1455_0485.jpg 1 367 931 1455 485
samples/20151207_222328.jpg/0001_0684_0488_0496_0165.jpg 1 684 488 496 165
samples/20151207_222328.jpg/0002_0975_1351_2573_0857.jpg 1 975 1351 2573 857
samples/20151207_222328.jpg/0003_0242_0627_0622_0207.jpg 1 242 627 622 207
samples/20151207_222328.jpg/0004_0220_0619_0430_0143.jpg 1 220 619 430 143
samples/20151207_222328.jpg/0005_1547_0530_0108_0036.jpg 1 1547 530 108 36
samples/20151207_214500.jpg/0001_1408_1882_2204_0734.jpg 1 1408 1882 2204 734
samples/20151207_214500.jpg/0002_0870_1245_2716_0905.jpg 1 870 1245 2716 905
samples/20151207_214500.jpg/0003_0429_0483_0426_0142.jpg 1 429 483 426 142
samples/20151207_214500.jpg/0004_1338_0441_2671_0890.jpg 1 1338 441 2671 890
samples/20151207_214500.jpg/0005_0480_0387_0434_0144.jpg 1 480 387 434 144
samples/20151207_222313.jpg/0001_0796_0643_0692_0230.jpg 1 796 643 692 230
samples/20151207_222313.jpg/0002_0454_2201_1740_0580.jpg 1 454 2201 1740 580
samples/20151207_222313.jpg/0003_2768_1702_0703_0234.jpg 1 2768 1702 703 234
samples/20151207_222313.jpg/0004_1935_1888_0728_0242.jpg 1 1935 1888 728 242
samples/20151207_222313.jpg/0005_3070_0889_0381_0127.jpg 1 3070 889 381 127
samples/20151207_222337.jpg/0001_0585_1588_0281_0093.jpg 1 585 1588 281 93
samples/20151207_222337.jpg/0002_0168_0613_0946_0315.jpg 1 168 613 946 315
samples/20151207_222337.jpg/0003_0722_0386_0934_0311.jpg 1 722 386 934 311
samples/20151207_222337.jpg/0004_1289_0403_0155_0051.jpg 1 1289 403 155 51
samples/20151207_222337.jpg/0005_0958_0184_0251_0083.jpg 1 958 184 251 83
samples/20151207_222235.jpg/0001_0866_2627_1611_0537.jpg 1 866 2627 1611 537
samples/20151207_222235.jpg/0002_1898_2148_0737_0245.jpg 1 1898 2148 737 245
samples/20151207_222235.jpg/0003_1492_2414_1459_0486.jpg 1 1492 2414 1459 486
samples/20151207_222235.jpg/0004_0600_1756_2035_0678.jpg 1 600 1756 2035 678
samples/20151207_222235.jpg/0005_0669_1134_2626_0875.jpg 1 669 1134 2626 875
samples/20151207_222334.jpg/0001_1172_1245_2583_0861.jpg 1 1172 1245 2583 861
samples/20151207_222334.jpg/0002_0089_0158_1283_0427.jpg 1 89 158 1283 427
samples/20151207_222334.jpg/0003_0416_0396_0812_0270.jpg 1 416 396 812 270
samples/20151207_222334.jpg/0004_0241_0649_1654_0551.jpg 1 241 649 1654 551
samples/20151207_222334.jpg/0005_1136_0885_1581_0527.jpg 1 1136 885 1581 527
samples/20151207_222327.jpg/0001_0287_0415_0867_0289.jpg 1 287 415 867 289
samples/20151207_222327.jpg/0002_0963_1094_1439_0479.jpg 1 963 1094 1439 479
samples/20151207_222327.jpg/0003_1463_0725_0163_0054.jpg 1 1463 725 163 54
samples/20151207_222327.jpg/0004_1377_1731_1499_0499.jpg 1 1377 1731 1499 499
samples/20151207_222327.jpg/0005_0189_0695_0635_0211.jpg 1 189 695 635 211
samples/20151207_222223.jpg/0001_0600_0643_0750_0250.jpg 1 600 643 750 250
samples/20151207_222223.jpg/0002_0258_0279_1942_0647.jpg 1 258 279 1942 647
samples/20151207_222223.jpg/0003_1210_0758_0061_0020.jpg 1 1210 758 61 20
samples/20151207_222223.jpg/0004_0207_0703_0597_0199.jpg 1 207 703 597 199
samples/20151207_222223.jpg/0005_1377_0556_0194_0064.jpg 1 1377 556 194 64
samples/20151207_222342.jpg/0001_1047_0507_2767_0922.jpg 1 1047 507 2767 922
samples/20151207_222342.jpg/0002_1044_2131_2087_0695.jpg 1 1044 2131 2087 695
samples/20151207_222342.jpg/0003_2207_2285_1431_0477.jpg 1 2207 2285 1431 477
samples/20151207_222342.jpg/0004_0279_1343_0342_0114.jpg 1 279 1343 342 114
samples/20151207_222342.jpg/0005_0615_1741_0844_0281.jpg 1 615 1741 844 281
samples/20151207_222246.jpg/0001_0273_0151_0942_0314.jpg 1 273 151 942 314
samples/20151207_222246.jpg/0002_0665_0263_1168_0389.jpg 1 665 263 1168 389
samples/20151207_222246.jpg/0003_0077_0090_1231_0410.jpg 1 77 90 1231 410
samples/20151207_222246.jpg/0004_0364_2178_1693_0564.jpg 1 364 2178 1693 564
samples/20151207_222246.jpg/0005_0323_0544_0915_0305.jpg 1 323 544 915 305
samples/20151207_222251.jpg/0001_0461_1334_0346_0115.jpg 1 461 1334 346 115
samples/20151207_222251.jpg/0002_0327_0235_1239_0413.jpg 1 327 235 1239 413
samples/20151207_222251.jpg/0003_0925_0266_0572_0190.jpg 1 925 266 572 190
samples/20151207_222251.jpg/0004_0161_0387_1264_0421.jpg 1 161 387 1264 421
samples/20151207_222251.jpg/0005_0634_1753_1382_0460.jpg 1 634 1753 1382 460
samples/20151207_222717.jpg/0001_0587_1491_1263_0421.jpg 1 587 1491 1263 421
samples/20151207_222717.jpg/0002_2228_0733_1528_0509.jpg 1 2228 733 1528 509
samples/20151207_222717.jpg/0003_0360_0475_2478_0826.jpg 1 360 475 2478 826
samples/20151207_222717.jpg/0004_0612_0290_0650_0216.jpg 1 612 290 650 216
samples/20151207_222717.jpg/0005_1582_0676_1183_0394.jpg 1 1582 676 1183 394
samples/20151207_222722.jpg/0001_0320_0070_1223_0407.jpg 1 320 70 1223 407
samples/20151207_222722.jpg/0002_1405_2006_2395_0798.jpg 1 1405 2006 2395 798
samples/20151207_222722.jpg/0003_0640_1274_1619_0539.jpg 1 640 1274 1619 539
samples/20151207_222722.jpg/0004_0722_0890_1114_0371.jpg 1 722 890 1114 371
samples/20151207_222722.jpg/0005_1476_2661_0364_0121.jpg 1 1476 2661 364 121
samples/20151207_222710.jpg/0001_1386_0635_1505_0501.jpg 1 1386 635 1505 501
samples/20151207_222710.jpg/0002_0278_1432_0404_0134.jpg 1 278 1432 404 134
samples/20151207_222710.jpg/0003_0128_0798_0189_0063.jpg 1 128 798 189 63
samples/20151207_222710.jpg/0004_0644_0186_0988_0329.jpg 1 644 186 988 329
samples/20151207_222710.jpg/0005_0825_1000_0060_0020.jpg 1 825 1000 60 20
samples/20151207_222241.jpg/0001_1295_1553_1410_0470.jpg 1 1295 1553 1410 470
samples/20151207_222241.jpg/0002_1513_1007_0329_0109.jpg 1 1513 1007 329 109
samples/20151207_222241.jpg/0003_1989_1838_1878_0626.jpg 1 1989 1838 1878 626
samples/20151207_222241.jpg/0004_1691_0714_0432_0144.jpg 1 1691 714 432 144
samples/20151207_222241.jpg/0005_0966_0687_0720_0240.jpg 1 966 687 720 240
samples/20151207_222333.jpg/0001_0463_0213_1082_0360.jpg 1 463 213 1082 360
samples/20151207_222333.jpg/0002_0608_0326_0177_0059.jpg 1 608 326 177 59
samples/20151207_222333.jpg/0003_2296_2627_0242_0080.jpg 1 2296 2627 242 80
samples/20151207_222333.jpg/0004_0159_1608_2665_0888.jpg 1 159 1608 2665 888
samples/20151207_222333.jpg/0005_0479_0353_0075_0025.jpg 1 479 353 75 25
samples/20151207_222238.jpg/0001_0546_0999_1816_0605.jpg 1 546 999 1816 605
samples/20151207_222238.jpg/0002_1132_0564_0446_0148.jpg 1 1132 564 446 148
samples/20151207_222238.jpg/0003_1844_1408_1615_0538.jpg 1 1844 1408 1615 538
samples/20151207_222238.jpg/0004_0442_0494_0950_0316.jpg 1 442 494 950 316
samples/20151207_222238.jpg/0005_2902_0638_0331_0110.jpg 1 2902 638 331 110
samples/20151207_222309.jpg/0001_0268_0843_2493_0831.jpg 1 268 843 2493 831
samples/20151207_222309.jpg/0002_0469_1090_2758_0919.jpg 1 469 1090 2758 919
samples/20151207_222309.jpg/0003_1697_0918_1129_0376.jpg 1 1697 918 1129 376
samples/20151207_222309.jpg/0004_1337_1973_1367_0455.jpg 1 1337 1973 1367 455
samples/20151207_222309.jpg/0005_1143_1881_2756_0918.jpg 1 1143 1881 2756 918
samples/20151207_222259.jpg/0001_1585_2782_1348_0449.jpg 1 1585 2782 1348 449
samples/20151207_222259.jpg/0002_0910_3265_0301_0100.jpg 1 910 3265 301 100
samples/20151207_222259.jpg/0003_1185_2730_0997_0332.jpg 1 1185 2730 997 332
samples/20151207_222259.jpg/0004_0540_1649_1196_0398.jpg 1 540 1649 1196 398
samples/20151207_222259.jpg/0005_0979_0784_2227_0742.jpg 1 979 784 2227 742
samples/20151207_222231.jpg/0001_1306_0874_1036_0345.jpg 1 1306 874 1036 345
samples/20151207_222231.jpg/0002_0765_2823_0624_0208.jpg 1 765 2823 624 208
samples/20151207_222231.jpg/0003_0187_0255_1172_0390.jpg 1 187 255 1172 390
samples/20151207_222231.jpg/0004_0258_0173_0796_0265.jpg 1 258 173 796 265
samples/20151207_222231.jpg/0005_0112_0108_0503_0167.jpg 1 112 108 503 167
samples/20151207_222727.jpg/0001_0872_1627_0779_0259.jpg 1 872 1627 779 259
samples/20151207_222727.jpg/0002_0241_0197_1101_0367.jpg 1 241 197 1101 367
samples/20151207_222727.jpg/0003_0322_0083_1129_0376.jpg 1 322 83 1129 376
samples/20151207_222727.jpg/0004_0458_2018_2156_0718.jpg 1 458 2018 2156 718
samples/20151207_222727.jpg/0005_0972_3348_0599_0199.jpg 1 972 3348 599 199
