244539.66225, 3,   0.139,  9.783,  0.915, 4,  -0.010,  0.001,  0.043
244539.66664, 3,   0.215,  9.831,  1.010, 4,  -0.015,  0.016,  0.051
244539.67104, 3,   0.172,  9.682,  0.824, 4,  -0.026,  0.034,  0.051
244539.67543, 3,   0.182,  9.687,  0.852, 4,  -0.033,  0.038,  0.053
244539.67983, 3,   0.316,  9.730,  0.828, 4,  -0.033,  0.035,  0.067
244539.68419, 3,   0.134,  9.845,  0.910, 4,  -0.045,  0.034,  0.073
244539.68858, 3,   0.192,  9.792,  0.924, 4,  -0.036,  0.028,  0.071
244539.69298, 3,   0.239,  9.701,  1.049, 4,  -0.052,  0.039,  0.082
244539.69737, 3,   0.124,  9.764,  1.034, 4,  -0.056,  0.040,  0.080
244539.70177, 3,   0.163,  9.878,  1.173, 4,  -0.063,  0.044,  0.097
244539.70616, 3,   0.278,  9.965,  1.130, 4,  -0.056,  0.068,  0.089
244539.71053, 3,   0.249,  9.984,  1.226, 4,  -0.070,  0.111,  0.099
244539.71492, 3,   0.254,  9.979,  1.154, 4,  -0.062,  0.156,  0.095
244539.71932, 3,   0.306,  9.850,  1.168, 4,  -0.077,  0.184,  0.085
244539.72371, 3,   0.244,  9.802,  0.967, 4,  -0.079,  0.210,  0.111
244539.72810, 3,   0.297,  9.787,  1.020, 4,  -0.107,  0.201,  0.095
244539.73250, 3,   0.383,  9.835,  0.967, 4,  -0.114,  0.240,  0.101
244539.73686, 3,   0.321,  9.778,  1.006, 4,  -0.109,  0.219,  0.081
244539.74126, 3,   0.330,  9.783,  1.015, 4,  -0.111,  0.199,  0.088
244539.74565, 3,   0.354,  9.883,  0.910, 4,  -0.110,  0.189,  0.068
244539.75005, 3,   0.292,  9.831,  1.001, 4,  -0.109,  0.172,  0.059
244539.75444, 3,   0.249,  9.787,  0.886, 4,  -0.105,  0.150,  0.050
244539.75881, 3,   0.263,  9.764,  0.967, 4,  -0.092,  0.124,  0.040
244539.76320, 3,   0.378,  9.955,  0.929, 4,  -0.078,  0.094,  0.044
244539.76759, 3,   0.378,  9.969,  0.953, 4,  -0.062,  0.070,  0.045
244539.77199, 3,   0.340,  9.740,  1.020, 4,  -0.051,  0.054,  0.052
244539.77638, 3,   0.354,  9.720,  0.838, 4,  -0.028,  0.049,  0.055
244539.78078, 3,   0.383,  9.816,  0.809, 4,  -0.034,  0.031,  0.022
244539.78514, 3,   0.484,  9.960,  1.053, 4,  -0.001,  0.007,  0.019
244539.78954, 3,   0.268,  9.764,  0.876, 4,   0.014, -0.019,  0.012
244539.79393, 3,   0.484,  9.792,  1.058, 4,   0.000, -0.003, -0.002
244539.79833, 3,   0.412,  9.831,  0.977, 4,   0.033, -0.026, -0.009
244539.80272, 3,   0.407,  9.740,  0.967, 4,   0.042, -0.017, -0.010, 5,  13.510,-45.189, -2.176
244539.80711, 3,   0.321,  9.787,  1.020, 4,   0.045, -0.016, -0.004
244539.81148, 3,   0.311,  9.778,  1.039, 4,   0.036, -0.003, -0.016
244539.81587, 3,   0.254,  9.701,  0.991, 4,   0.036, -0.015, -0.005
244539.82027, 3,   0.412,  9.759,  0.924, 4,   0.034, -0.001,  0.000
244539.82466, 3,   0.340,  9.697,  0.804, 4,   0.021, -0.006, -0.012
244539.82906, 3,   0.378,  9.787,  0.876, 4,   0.015,  0.006,  0.005
244539.83342, 3,   0.388,  9.768,  0.929, 4,  -0.006, -0.013,  0.022
244539.83782, 3,   0.359,  9.797,  0.895, 4,  -0.006, -0.031, -0.004
244539.84221, 3,   0.445,  9.711,  0.958, 4,  -0.005, -0.034,  0.005
244539.84660, 3,   0.464,  9.740,  0.953, 4,   0.001, -0.035,  0.013
244539.85100, 3,   0.421,  9.610,  0.962, 4,   0.002, -0.072,  0.006
244539.85539, 3,   0.359,  9.634,  0.958, 4,   0.019, -0.065,  0.004
244539.85976, 3,   0.469,  9.634,  1.006, 4,   0.021, -0.081,  0.003
244539.86415, 3,   0.412,  9.716,  1.049, 4,   0.028, -0.107,  0.016
244539.86855, 3,   0.388,  9.677,  1.034, 4,   0.034, -0.117,  0.011
244539.87294, 3,   0.426,  9.644,  0.910, 4,   0.043, -0.128,  0.024
244539.87734, 3,   0.426,  9.629,  1.015, 4,   0.046, -0.127,  0.020
244539.88173, 3,   0.426,  9.677,  1.029, 4,   0.045, -0.144,  0.001
244539.88609, 3,   0.637,  9.606,  1.025, 4,   0.052, -0.122,  0.031
244539.89049, 3,   0.441,  9.634,  1.034, 4,   0.063, -0.125,  0.022
244539.89488, 3,   0.450,  9.668,  0.924, 4,   0.051, -0.118,  0.014
244539.89928, 3,   0.431,  9.663,  0.977, 4,   0.051, -0.113,  0.013
244539.90367, 3,   0.364,  9.634,  1.029, 4,   0.051, -0.113,  0.013
244539.90804, 3,   0.508,  9.567,  0.924, 4,   0.060, -0.094,  0.012
244539.91243, 3,   0.412,  9.534,  0.996, 4,   0.072, -0.105,  0.003
244539.91683, 3,   0.431,  9.476,  0.670, 4,   0.074, -0.103,  0.018
244539.92123, 3,   0.350,  9.491,  0.752, 4,   0.077, -0.101,  0.008
244539.92562, 3,   0.412,  9.457,  0.814, 4,   0.084, -0.105,  0.001
244539.93002, 3,   0.464,  9.601,  0.709, 4,   0.070, -0.118, -0.004
244539.93438, 3,   0.417,  9.620,  0.747, 4,   0.069, -0.107, -0.005
244539.93877, 3,   0.426,  9.615,  0.757, 4,   0.051, -0.109, -0.003
244539.94317, 3,   0.388,  9.749,  0.761, 4,   0.046, -0.126, -0.014
244539.94756, 3,   0.383,  9.677,  0.718, 4,   0.047, -0.115,  0.008
244539.95196, 3,   0.359,  9.701,  0.613, 4,   0.032, -0.102, -0.015
244539.95632, 3,   0.359,  9.673,  0.666, 4,   0.015, -0.100, -0.009
244539.96072, 3,   0.407,  9.778,  0.685, 4,  -0.001, -0.080, -0.012
244539.96511, 3,   0.455,  9.706,  0.771, 4,  -0.007, -0.058, -0.005
244539.96951, 3,   0.287,  9.658,  0.814, 4,  -0.038, -0.052, -0.019
244539.97390, 3,   0.345,  9.716,  0.809, 4,  -0.046, -0.048, -0.019
244539.97830, 3,   0.268,  9.773,  0.675, 4,  -0.035, -0.037, -0.020
244539.98266, 3,   0.211,  9.711,  0.752, 4,  -0.063, -0.005, -0.012
244539.98705, 3,   0.330,  9.673,  0.929, 4,  -0.073, -0.020, -0.021, 5,  12.839,-45.865, -2.827
244539.99145, 3,   0.249,  9.673,  0.886, 4,  -0.069, -0.027, -0.022
244539.99584, 3,   0.163,  9.629,  0.991, 4,  -0.072, -0.026, -0.036
244540.00024, 3,   0.139,  9.735,  0.915, 4,  -0.071, -0.044, -0.022
244540.00463, 3,   0.187,  9.677,  0.895, 4,  -0.066, -0.035, -0.029
244540.00900, 3,   0.105,  9.658,  0.852, 4,  -0.077, -0.031, -0.032
244540.01339, 3,   0.148,  9.744,  0.915, 4,  -0.072, -0.038, -0.014
244540.01778, 3,   0.115,  9.677,  0.939, 4,  -0.079, -0.050, -0.004
244540.02218, 3,   0.053,  9.586,  1.063, 4,  -0.083, -0.073, -0.002
244540.02657, 3,   0.043,  9.692,  0.967, 4,  -0.095, -0.058,  0.005
244540.03094, 3,   0.120,  9.701,  1.140, 4,  -0.096, -0.068,  0.008
244540.03533, 3,   0.134,  9.711,  1.053, 4,  -0.083, -0.053,  0.014
244540.03973, 3,   0.005,  9.797,  1.259, 4,  -0.085, -0.055,  0.022
244540.04412, 3,   0.077,  9.744,  1.029, 4,  -0.068, -0.032,  0.015
244540.04852, 3,   0.144,  9.831,  1.125, 4,  -0.087, -0.028,  0.017
244540.05291, 3,   0.024,  9.744,  1.360, 4,  -0.066, -0.028,  0.015
244540.05727, 3,   0.043,  9.797,  1.039, 4,  -0.080, -0.021,  0.007
244540.06167, 3,   0.081,  9.811,  1.087, 4,  -0.088, -0.016,  0.020
244540.06606, 3,   0.010,  9.740,  1.125, 4,  -0.080, -0.006,  0.024
244540.07046, 3,  -0.062,  9.816,  1.149, 4,  -0.098, -0.013,  0.038
244540.07485, 3,   0.019,  9.735,  1.245, 4,  -0.098,  0.002,  0.034
244540.07925, 3,   0.129,  9.778,  1.029, 4,  -0.105,  0.004,  0.051
244540.08361, 3,   0.072,  9.811,  1.135, 4,  -0.119,  0.003,  0.048
244540.08801, 3,   0.105,  9.888,  1.307, 4,  -0.126,  0.003,  0.066
244540.09240, 3,   0.239,  9.821,  1.417, 4,  -0.124,  0.029,  0.056
244540.09679, 3,   0.263,  9.907,  1.508, 4,  -0.132,  0.047,  0.048
244540.10119, 3,   0.345,  9.936,  1.556, 4,  -0.127,  0.052,  0.050
244540.10555, 3,   0.259,  9.984,  1.709, 4,  -0.117,  0.059,  0.038
244540.10995, 3,   0.239, 10.056,  1.566, 4,  -0.125,  0.084,  0.021
244540.11434, 3,   0.354,  9.993,  1.571, 4,  -0.093,  0.093,  0.016
244540.11874, 3,   0.350, 10.113,  1.618, 4,  -0.110,  0.114, -0.001
244540.12313, 3,   0.225,  9.998,  1.585, 4,  -0.080,  0.118, -0.026
244540.12753, 3,   0.220, 10.060,  1.671, 4,  -0.073,  0.132, -0.028
244540.13189, 3,   0.306, 10.032,  1.585, 4,  -0.054,  0.133, -0.056
244540.13628, 3,   0.287, 10.070,  1.820, 4,  -0.051,  0.129, -0.044
244540.14068, 3,   0.249, 10.036,  1.618, 4,  -0.039,  0.131, -0.045
244540.14507, 3,   0.196, 10.051,  1.642, 4,  -0.024,  0.132, -0.040
244540.14947, 3,   0.129,  9.989,  1.666, 4,  -0.031,  0.126, -0.035
244540.15386, 3,   0.192,  9.922,  1.571, 4,   0.000,  0.122, -0.037
244540.15823, 3,   0.196, 10.027,  1.590, 4,  -0.002,  0.136, -0.022
244540.16262, 3,   0.259,  9.941,  1.508, 4,   0.017,  0.145, -0.022
244540.16702, 3,   0.297,  9.960,  1.638, 4,   0.020,  0.150, -0.020
244540.17141, 3,   0.206, 10.070,  1.642, 4,   0.016,  0.134, -0.016, 5,  13.510,-45.189, -4.782
244540.17580, 3,   0.268, 10.051,  1.341, 4,   0.023,  0.129, -0.002
244540.18017, 3,   0.350,  9.941,  1.331, 4,   0.021,  0.113, -0.014
244540.18456, 3,   0.417,  9.869,  1.336, 4,   0.034,  0.078,  0.007
244540.18896, 3,   0.364,  9.989,  1.231, 4,   0.037,  0.060, -0.003
244540.19335, 3,   0.393, 10.027,  1.312, 4,   0.036,  0.030,  0.015
244540.19775, 3,   0.364,  9.950,  1.326, 4,   0.043, -0.021,  0.012
244540.20214, 3,   0.278,  9.946,  1.460, 4,   0.047, -0.036,  0.011
244540.20651, 3,   0.196,  9.821,  1.293, 4,   0.058, -0.049,  0.015
244540.21090, 3,   0.369,  9.855,  1.279, 4,   0.072, -0.076, -0.013
244540.21529, 3,   0.292,  9.883,  1.422, 4,   0.091, -0.066,  0.016
244540.21969, 3,   0.206,  9.811,  1.384, 4,   0.089, -0.084,  0.011
244540.22408, 3,   0.350,  9.840,  1.159, 4,   0.101, -0.082,  0.011
244540.22848, 3,   0.388,  9.831,  1.269, 4,   0.095, -0.079,  0.031
244540.23284, 3,   0.397,  9.883,  1.226, 4,   0.103, -0.062,  0.019
244540.23724, 3,   0.421,  9.831,  1.221, 4,   0.099, -0.046,  0.003
244540.24163, 3,   0.373,  9.864,  1.389, 4,   0.099, -0.026, -0.006
244540.24603, 3,   0.417,  9.811,  1.274, 4,   0.080, -0.016, -0.010
244540.25042, 3,   0.263,  9.907,  1.178, 4,   0.077,  0.025, -0.014
244540.25478, 3,   0.326,  9.711,  1.183, 4,   0.070,  0.070,  0.004
244540.25918, 3,   0.335,  9.773,  1.140, 4,   0.061,  0.089, -0.011
244540.26357, 3,   0.268,  9.783,  1.044, 4,   0.086,  0.091, -0.013
244540.26797, 3,   0.239,  9.826,  1.053, 4,   0.071,  0.107,  0.001
244540.27236, 3,   0.172,  9.677,  0.967, 4,   0.082,  0.092, -0.013
244540.27676, 3,   0.297,  9.582,  1.149, 4,   0.100,  0.078,  0.012
244540.28112, 3,   0.354,  9.677,  0.934, 4,   0.101,  0.076,  0.005
244540.28552, 3,   0.330,  9.572,  1.015, 4,   0.092,  0.052,  0.019
244540.28991, 3,   0.431,  9.682,  1.020, 4,   0.118,  0.042,  0.023
244540.29430, 3,   0.441,  9.720,  0.977, 4,   0.103,  0.017,  0.024
244540.29870, 3,   0.393,  9.720,  0.881, 4,   0.114,  0.003,  0.031
244540.30306, 3,   0.436,  9.687,  0.776, 4,   0.123, -0.007,  0.018
244540.30746, 3,   0.421,  9.807,  0.958, 4,   0.127, -0.020,  0.007
244540.31185, 3,   0.460,  9.649,  0.718, 4,   0.121, -0.029, -0.003
244540.31625, 3,   0.407,  9.548,  0.618, 4,   0.132, -0.037, -0.003
244540.32064, 3,   0.479,  9.519,  0.895, 4,   0.115, -0.034,  0.006
244540.32504, 3,   0.402,  9.596,  0.757, 4,   0.111, -0.049, -0.004
244540.32940, 3,   0.388,  9.644,  0.613, 4,   0.095, -0.047, -0.001
244540.33379, 3,   0.436,  9.720,  0.704, 4,   0.065, -0.060,  0.002
244540.33819, 3,   0.383,  9.567,  0.785, 4,   0.051, -0.047, -0.002
244540.34258, 3,   0.350,  9.701,  0.790, 4,   0.029, -0.035,  0.006
244540.34698, 3,   0.402,  9.558,  0.804, 4,   0.004, -0.038,  0.003
244540.35137, 3,   0.397,  9.572,  1.106, 4,   0.010, -0.017, -0.004
244540.35574, 3,   0.369,  9.548,  0.982, 4,  -0.001,  0.002, -0.006, 5,  14.006,-46.017, -2.675
244540.36013, 3,   0.225,  9.591,  0.991, 4,   0.023, -0.006, -0.017
244540.36453, 3,   0.263,  9.572,  0.924, 4,   0.000,  0.025, -0.016
244540.36892, 3,   0.110,  9.519,  1.087, 4,   0.017,  0.070, -0.031
244540.37331, 3,   0.211,  9.629,  1.073, 4,   0.026,  0.059, -0.025
244540.37768, 3,   0.067,  9.553,  1.120, 4,   0.019,  0.086, -0.019
244540.38207, 3,   0.091,  9.673,  0.943, 4,   0.039,  0.108, -0.018
244540.38647, 3,   0.101,  9.701,  0.886, 4,   0.032,  0.119,  0.002
244540.39086, 3,  -0.024,  9.625,  0.900, 4,   0.029,  0.137,  0.022
244540.39526, 3,   0.043,  9.591,  0.713, 4,   0.027,  0.135,  0.031
244540.39965, 3,  -0.072,  9.601,  0.699, 4,   0.022,  0.128,  0.068
244540.40402, 3,   0.048,  9.673,  0.785, 4,   0.014,  0.120,  0.075
244540.40841, 3,   0.172,  9.572,  0.723, 4,   0.016,  0.083,  0.095
244540.41280, 3,   0.196,  9.577,  0.680, 4,  -0.002,  0.058,  0.110
244540.41720, 3,   0.388,  9.673,  0.871, 4,  -0.019,  0.032,  0.133
244540.42159, 3,   0.450,  9.764,  0.599, 4,  -0.014,  0.012,  0.140
244540.42599, 3,   0.364,  9.744,  0.819, 4,  -0.023, -0.033,  0.142
244540.43035, 3,   0.436,  9.787,  0.891, 4,  -0.005, -0.052,  0.133
244540.43475, 3,   0.541,  9.787,  0.910, 4,   0.005, -0.062,  0.129
244540.43914, 3,   0.627,  9.831,  0.843, 4,  -0.003, -0.104,  0.099
244540.44354, 3,   0.555,  9.754,  0.986, 4,   0.019, -0.108,  0.108
244540.44793, 3,   0.445,  9.754,  0.943, 4,   0.026, -0.132,  0.082
244540.45229, 3,   0.431,  9.807,  0.948, 4,   0.026, -0.121,  0.060
244540.45669, 3,   0.460,  9.697,  0.857, 4,   0.018, -0.142,  0.050
244540.46108, 3,   0.469,  9.706,  1.092, 4,   0.016, -0.138,  0.063
244540.46548, 3,   0.618,  9.639,  1.073, 4,   0.014, -0.120,  0.058
244540.46987, 3,   0.589,  9.682,  1.216, 4,   0.022, -0.109,  0.049
244540.47427, 3,   0.704,  9.725,  1.106, 4,   0.031, -0.073,  0.053
244540.47863, 3,   0.790,  9.811,  1.269, 4,   0.018, -0.039,  0.043
244540.48303, 3,   0.771,  9.869,  1.092, 4,   0.025,  0.007,  0.016
244540.48742, 3,   0.742,  9.974,  1.087, 4,   0.027,  0.042,  0.016
244540.49181, 3,   0.824,  9.931,  1.029, 4,   0.007,  0.069, -0.015
244540.49621, 3,   0.804,  9.807,  0.800, 4,   0.034,  0.083, -0.028
244540.50060, 3,   0.699,  9.778,  0.661, 4,   0.017,  0.075, -0.068
244540.50497, 3,   0.694,  9.610,  0.675, 4,   0.005,  0.040, -0.071
244540.50936, 3,   0.622,  9.850,  0.565, 4,  -0.018,  0.016, -0.074
244540.51376, 3,   0.895, 10.118,  0.661, 4,  -0.015, -0.028, -0.080
244540.51815, 3,   1.010, 10.089,  0.613, 4,  -0.026, -0.089, -0.114
244540.52255, 3,   1.231, 10.013,  0.939, 4,   0.004, -0.141, -0.114
244540.52691, 3,   0.982,  9.701,  1.221, 4,   0.022, -0.165, -0.152
244540.53130, 3,   0.891,  9.610,  1.221, 4,   0.028, -0.175, -0.164
244540.53570, 3,   0.819,  9.850,  0.986, 4,   0.042, -0.159, -0.149
244540.54009, 3,   0.718,  9.902,  0.833, 4,   0.062, -0.128, -0.150, 5,  13.333,-46.355, -1.697
244540.54449, 3,   0.479,  9.974,  0.766, 4,   0.074, -0.105, -0.153
244540.54888, 3,   0.527, 10.017,  0.737, 4,   0.061, -0.086, -0.146
244540.55325, 3,   0.488,  9.840,  0.876, 4,   0.037, -0.089, -0.136
244540.55764, 3,   0.484,  9.663,  1.058, 4,   0.028, -0.094, -0.130
244540.56204, 3,   0.464,  9.735,  1.063, 4,   0.020, -0.082, -0.100
244540.56643, 3,   0.388,  9.625,  1.101, 4,   0.032, -0.054, -0.078
244540.57082, 3,   0.354,  9.706,  0.972, 4,   0.026, -0.040, -0.048
244540.57519, 3,   0.259,  9.831,  1.020, 4,   0.039, -0.012, -0.038
244540.57958, 3,   0.292,  9.735,  0.867, 4,   0.055, -0.010, -0.025
244540.58398, 3,   0.321,  9.749,  0.589, 4,   0.035, -0.013, -0.023
244540.58837, 3,   0.254,  9.744,  0.570, 4,   0.032, -0.020, -0.046
244540.59277, 3,   0.278,  9.711,  0.345, 4,   0.048, -0.051, -0.043
244540.59716, 3,   0.311,  9.711,  0.297, 4,   0.040, -0.099, -0.050
244540.60153, 3,   0.168,  9.692,  0.388, 4,   0.039, -0.169, -0.067
244540.60592, 3,   0.225,  9.610,  0.369, 4,   0.058, -0.226, -0.084
244540.61031, 3,   0.067,  9.744,  0.536, 4,   0.074, -0.272, -0.085
244540.61471, 3,   0.110,  9.577,  0.378, 4,   0.070, -0.321, -0.086
244540.61910, 3,   0.029,  9.716,  0.632, 4,   0.094, -0.357, -0.089
244540.62350, 3,  -0.062,  9.572,  0.670, 4,   0.104, -0.376, -0.104
244540.62786, 3,  -0.072,  9.759,  0.718, 4,   0.115, -0.390, -0.100
244540.63226, 3,  -0.019,  9.677,  0.915, 4,   0.132, -0.387, -0.095
244540.63665, 3,   0.014,  9.725,  1.053, 4,   0.173, -0.417, -0.110
244540.64105, 3,   0.120,  9.697,  1.034, 4,   0.183, -0.398, -0.097
244540.64544, 3,   0.168,  9.692,  1.039, 4,   0.200, -0.390, -0.076
244540.64980, 3,  -0.057,  9.802,  1.164, 4,   0.221, -0.381, -0.063
244540.65420, 3,  -0.005,  9.826,  0.814, 4,   0.214, -0.378, -0.056
244540.65859, 3,  -0.115,  9.720,  0.929, 4,   0.235, -0.380, -0.053
244540.66299, 3,  -0.158,  9.787,  0.953, 4,   0.242, -0.369, -0.061
244540.66738, 3,  -0.120,  9.649,  0.939, 4,   0.221, -0.347, -0.055
244540.67178, 3,  -0.124,  9.625,  0.852, 4,   0.210, -0.337, -0.059
244540.67614, 3,  -0.072,  9.615,  0.905, 4,   0.211, -0.287, -0.021
244540.68054, 3,   0.010,  9.658,  0.958, 4,   0.201, -0.261, -0.014
244540.68493, 3,  -0.014,  9.625,  0.924, 4,   0.190, -0.201,  0.004
244540.68932, 3,   0.038,  9.562,  0.876, 4,   0.162, -0.177,  0.024
244540.69372, 3,   0.172,  9.558,  0.704, 4,   0.140, -0.122,  0.042
244540.69811, 3,   0.254,  9.404,  0.594, 4,   0.097, -0.067,  0.054
244540.70248, 3,   0.287,  9.582,  0.718, 4,   0.043, -0.031,  0.081
244540.70687, 3,   0.354,  9.481,  0.776, 4,  -0.014,  0.046,  0.093
244540.71127, 3,   0.306,  9.486,  0.589, 4,  -0.118,  0.096,  0.092
244540.71566, 3,   0.421,  9.663,  0.618, 4,  -0.223,  0.181,  0.098
244540.72006, 3,   0.565,  9.668,  0.656, 4,  -0.287,  0.214,  0.111
244540.72442, 3,   0.546,  9.639,  0.637, 4,  -0.378,  0.258,  0.100, 5,  14.511,-44.499, -2.512
244540.72881, 3,   0.555,  9.792,  0.871, 4,  -0.434,  0.290,  0.082
244540.73321, 3,   0.397,  9.840,  0.948, 4,  -0.458,  0.326,  0.054
244540.73760, 3,   0.541,  9.778,  1.144, 4,  -0.465,  0.337,  0.031
244540.74200, 3,   0.441,  9.826,  0.977, 4,  -0.432,  0.342, -0.016
244540.74639, 3,   0.369,  9.759,  1.039, 4,  -0.372,  0.324, -0.061
244540.75076, 3,   0.354,  9.586,  0.886, 4,  -0.306,  0.301, -0.074
244540.75515, 3,   0.230,  9.519,  0.895, 4,  -0.259,  0.259, -0.107
244540.75955, 3,   0.230,  9.481,  0.986, 4,  -0.193,  0.192, -0.112
244540.76394, 3,   0.038,  9.538,  0.934, 4,  -0.142,  0.149, -0.110
244540.76833, 3,   0.091,  9.510,  1.010, 4,  -0.126,  0.080, -0.104
244540.77273, 3,  -0.019,  9.462,  0.958, 4,  -0.091,  0.032, -0.086
244540.77709, 3,   0.096,  9.538,  0.996, 4,  -0.073, -0.003, -0.070
244540.78149, 3,   0.072,  9.457,  0.838, 4,  -0.065, -0.019, -0.048
244540.78588, 3,   0.206,  9.131,  1.618, 4,  -0.067, -0.006, -0.028
244540.79028, 3,  -0.124,  9.548,  1.092, 4,  -0.147,  0.138,  0.028
244540.79467, 3,  -0.124,  9.572,  0.814, 4,  -0.164,  0.209,  0.053
244540.79903, 3,  -0.062,  9.634,  0.776, 4,  -0.174,  0.226,  0.056
244540.80343, 3,   0.034,  9.500,  0.895, 4,  -0.203,  0.231,  0.068
244540.80782, 3,   0.043,  9.572,  0.723, 4,  -0.193,  0.195,  0.073
244540.81222, 3,   0.086,  9.634,  1.082, 4,  -0.191,  0.119,  0.071
244540.81661, 3,   0.249,  9.471,  0.848, 4,  -0.166,  0.072,  0.092
244540.82101, 3,   0.273,  9.577,  0.967, 4,  -0.133,  0.026,  0.104
244540.82537, 3,   0.287,  9.510,  1.049, 4,  -0.111, -0.018,  0.111
244540.82977, 3,   0.326,  9.677,  1.183, 4,  -0.061, -0.030,  0.099
244540.83416, 3,   0.426,  9.797,  1.053, 4,  -0.049, -0.049,  0.095
244540.83856, 3,   0.584,  9.902,  1.144, 4,  -0.037, -0.042,  0.068
244540.84295, 3,   0.627,  9.946,  1.068, 4,  -0.015, -0.053,  0.051
244540.84731, 3,   0.579,  9.730,  1.001, 4,   0.003, -0.055, -0.004
244540.85171, 3,   0.589,  9.941,  1.001, 4,   0.017, -0.069, -0.035
244540.85610, 3,   0.627, 10.051,  0.771, 4,   0.015, -0.119, -0.082
244540.86050, 3,   0.594, 10.032,  0.862, 4,   0.044, -0.170, -0.123
244540.86489, 3,   0.474,  9.979,  0.747, 4,   0.078, -0.246, -0.157
244540.86929, 3,   0.431,  9.869,  1.010, 4,   0.119, -0.315, -0.180
244540.87365, 3,   0.350,  9.969,  0.915, 4,   0.136, -0.361, -0.183
244540.87804, 3,   0.182,  9.792,  1.106, 4,   0.173, -0.390, -0.205
244540.88244, 3,   0.153,  9.835,  1.025, 4,   0.183, -0.409, -0.194
244540.88683, 3,  -0.024,  9.864,  1.168, 4,   0.176, -0.428, -0.199
244540.89123, 3,  -0.077,  9.687,  1.360, 4,   0.159, -0.414, -0.172
244540.89562, 3,  -0.072,  9.711,  1.202, 4,   0.145, -0.379, -0.156
244540.89999, 3,  -0.148,  9.797,  1.226, 4,   0.130, -0.373, -0.120
244540.90438, 3,  -0.038,  9.754,  1.441, 4,   0.132, -0.369, -0.086
244540.90878, 3,  -0.053,  9.869,  1.317, 4,   0.133, -0.361, -0.058, 5,  12.833,-47.223, -3.474
244540.91317, 3,   0.010,  9.907,  1.403, 4,   0.154, -0.331, -0.042
244540.91757, 3,  -0.067,  9.931,  1.614, 4,   0.175, -0.307, -0.037
244540.92193, 3,   0.096,  9.802,  1.705, 4,   0.168, -0.250, -0.025
244540.92632, 3,  -0.029,  9.835,  1.647, 4,   0.129, -0.109, -0.025
244540.93072, 3,   0.010,  9.931,  1.259, 4,   0.074,  0.037, -0.033
244540.93511, 3,  -0.096, 10.003,  1.039, 4,   0.015,  0.170, -0.071
244540.93951, 3,  -0.067, 10.017,  0.795, 4,  -0.034,  0.262, -0.104
244540.94390, 3,  -0.029, 10.104,  0.493, 4,  -0.092,  0.307, -0.125
244540.94827, 3,  -0.091, 10.161,  0.522, 4,  -0.108,  0.273, -0.165
244540.95266, 3,  -0.110,  9.596,  0.512, 4,  -0.122,  0.190, -0.218
244540.95705, 3,   0.182,  9.807,  0.919, 4,  -0.125,  0.114, -0.370
244540.96145, 3,   0.345,  9.874,  0.982, 4,  -0.107,  0.078, -0.494
244540.96584, 3,   0.402, 10.247,  1.154, 4,  -0.070,  0.038, -0.568
244540.97024, 3,   0.397, 10.281,  1.422, 4,  -0.013,  0.023, -0.599
244540.97460, 3,   0.182, 10.285,  1.618, 4,   0.018,  0.016, -0.621
244540.97900, 3,  -0.005, 10.204,  1.800, 4,   0.005,  0.049, -0.637
244540.98339, 3,  -0.144,  9.979,  1.647, 4,   0.020,  0.095, -0.653
244540.98779, 3,  -0.316, 10.099,  1.575, 4,   0.036,  0.122, -0.666
244540.99218, 3,  -0.474, 10.027,  1.484, 4,   0.050,  0.142, -0.682
244540.99654, 3,  -0.436, 10.108,  1.393, 4,   0.072,  0.118, -0.698
244541.00094, 3,  -0.263, 10.151,  1.259, 4,   0.100,  0.088, -0.740
244541.00533, 3,  -0.153, 10.271,  1.307, 4,   0.135,  0.038, -0.767
244541.00973, 3,  -0.053, 10.324,  1.164, 4,   0.145, -0.036, -0.792
244541.01412, 3,  -0.144, 10.386,  1.250, 4,   0.196, -0.102, -0.823
244541.01852, 3,  -0.144, 10.372,  1.097, 4,   0.205, -0.180, -0.874
244541.02288, 3,  -0.326, 10.276,  0.910, 4,   0.245, -0.242, -0.923
244541.02728, 3,  -0.441, 10.195,  0.915, 4,   0.246, -0.287, -0.968
244541.03167, 3,  -0.608, 10.041,  0.833, 4,   0.274, -0.329, -0.996
244541.03606, 3,  -0.757,  9.874,  0.824, 4,   0.285, -0.354, -1.028
244541.04046, 3,  -0.795,  9.826,  0.824, 4,   0.298, -0.379, -1.073
244541.04485, 3,  -0.790,  9.697,  0.752, 4,   0.297, -0.409, -1.103
244541.04922, 3,  -0.895,  9.706,  0.833, 4,   0.319, -0.428, -1.116
244541.05361, 3,  -0.886,  9.821,  0.833, 4,   0.333, -0.447, -1.169
244541.05801, 3,  -1.106,  9.946,  0.991, 4,   0.322, -0.440, -1.177
244541.06240, 3,  -1.049,  9.969,  0.915, 4,   0.321, -0.432, -1.210
244541.06680, 3,  -1.034, 10.161,  0.953, 4,   0.327, -0.413, -1.258
244541.07116, 3,  -1.144, 10.070,  1.197, 4,   0.338, -0.376, -1.288
244541.07555, 3,  -1.140, 10.036,  1.197, 4,   0.332, -0.340, -1.344
244541.07995, 3,  -1.168, 10.199,  1.039, 4,   0.350, -0.305, -1.400
244541.08434, 3,  -1.140, 10.161,  1.092, 4,   0.378, -0.279, -1.453
244541.08874, 3,  -1.087, 10.056,  0.948, 4,   0.403, -0.232, -1.512
244541.09313, 3,  -1.053,  9.946,  0.958, 4,   0.410, -0.169, -1.562, 5,  18.886,-45.535, -2.498
244541.09750, 3,  -1.173,  9.826,  0.694, 4,   0.422, -0.129, -1.625
244541.10189, 3,  -1.010,  9.673,  0.771, 4,   0.436, -0.083, -1.691
244541.10629, 3,  -0.977,  9.697,  0.546, 4,   0.429, -0.059, -1.739
244541.11068, 3,  -1.231,  9.639,  0.560, 4,   0.437, -0.042, -1.776
244541.11507, 3,  -1.245,  9.476,  0.297, 4,   0.423, -0.013, -1.823
244541.11947, 3,  -1.355,  9.510,  0.321, 4,   0.406, -0.005, -1.864
244541.12383, 3,  -1.465,  9.606,  0.139, 4,   0.372, -0.013, -1.919
244541.12823, 3,  -1.551,  9.481, -0.029, 4,   0.345, -0.044, -1.972
244541.13262, 3,  -1.791,  9.380, -0.086, 4,   0.314, -0.050, -2.029
244541.13702, 3,  -1.872,  9.294, -0.014, 4,   0.278, -0.087, -2.087
244541.14141, 3,  -1.858,  9.309,  0.215, 4,   0.239, -0.099, -2.144
244541.14578, 3,  -1.978,  9.112,  0.139, 4,   0.213, -0.114, -2.196
244541.15017, 3,  -2.265,  9.203,  0.383, 4,   0.193, -0.102, -2.234
244541.15456, 3,  -2.279,  9.289,  0.388, 4,   0.184, -0.102, -2.286
244541.15896, 3,  -2.471,  9.462,  0.417, 4,   0.167, -0.086, -2.314
244541.16335, 3,  -2.600,  9.534,  0.397, 4,   0.188, -0.047, -2.361
244541.16775, 3,  -2.787,  9.725,  0.536, 4,   0.176, -0.005, -2.399
244541.17211, 3,  -2.562,  9.759,  0.517, 4,   0.169,  0.055, -2.464
244541.17651, 3,  -2.586,  9.711,  0.383, 4,   0.161,  0.161, -2.532
244541.18090, 3,  -2.749,  9.816,  0.378, 4,   0.134,  0.243, -2.600
244541.18530, 3,  -2.902,  9.610,  0.086, 4,   0.102,  0.330, -2.664
244541.18969, 3,  -2.978,  9.376,  0.211, 4,   0.081,  0.375, -2.717
244541.19405, 3,  -3.079,  9.088,  0.048, 4,   0.077,  0.399, -2.774
244541.19845, 3,  -3.481,  8.988, -0.139, 4,   0.039,  0.386, -2.825
244541.20284, 3,  -3.596,  9.012, -0.124, 4,   0.020,  0.352, -2.867
244541.20724, 3,  -3.783,  8.820, -0.163, 4,  -0.010,  0.298, -2.896
244541.21163, 3,  -3.960,  8.739, -0.105, 4,  -0.032,  0.224, -2.934
244541.21603, 3,  -3.879,  8.825,  0.120, 4,  -0.047,  0.169, -2.973
244541.22039, 3,  -3.879,  8.705,  0.168, 4,  -0.061,  0.110, -3.022
244541.22479, 3,  -3.998,  8.892,  0.335, 4,  -0.078,  0.034, -3.056
244541.22918, 3,  -3.903,  8.590,  0.364, 4,  -0.082, -0.012, -3.113
244541.23357, 3,  -4.080,  8.691,  0.488, 4,  -0.083, -0.083, -3.169
244541.23797, 3,  -4.142,  8.667,  0.326, 4,  -0.075, -0.136, -3.201
244541.24236, 3,  -4.314,  8.571,  0.570, 4,  -0.081, -0.147, -3.220
244541.24673, 3,  -4.434,  8.581,  0.522, 4,  -0.063, -0.136, -3.262
244541.25112, 3,  -4.712,  8.351,  0.397, 4,  -0.057, -0.091, -3.288
244541.25552, 3,  -4.808,  8.174,  0.527, 4,  -0.081, -0.020, -3.298
244541.25991, 3,  -5.047,  8.121,  0.383, 4,  -0.065,  0.071, -3.295
244541.26431, 3,  -5.248,  7.958,  0.321, 4,  -0.064,  0.157, -3.276
244541.26867, 3,  -5.425,  7.633,  0.192, 4,  -0.032,  0.203, -3.252
244541.27306, 3,  -5.574,  7.326,  0.158, 4,  -0.011,  0.256, -3.236
244541.27746, 3,  -5.588,  7.250,  0.441, 4,   0.040,  0.280, -3.206, 5,  36.636,-30.338, -1.228
244541.28185, 3,  -5.693,  7.192,  0.431, 4,   0.034,  0.290, -3.172
244541.28625, 3,  -5.775,  7.173,  0.426, 4,   0.072,  0.282, -3.137
244541.29064, 3,  -5.933,  7.384,  0.335, 4,   0.069,  0.296, -3.082
244541.29501, 3,  -6.158,  7.556,  0.388, 4,   0.084,  0.312, -3.026
244541.29940, 3,  -6.139,  7.594,  0.512, 4,   0.082,  0.330, -2.957
244541.30380, 3,  -6.187,  7.527,  0.584, 4,   0.091,  0.371, -2.873
244541.30819, 3,  -6.316,  7.566,  0.622, 4,   0.062,  0.389, -2.804
244541.31258, 3,  -6.292,  7.815,  0.584, 4,   0.046,  0.418, -2.763
244541.31698, 3,  -6.225,  7.872,  0.694, 4,   0.039,  0.422, -2.737
244541.32134, 3,  -6.282,  7.968,  0.838, 4,   0.012,  0.406, -2.724
244541.32574, 3,  -6.388,  8.049,  0.804, 4,   0.014,  0.373, -2.737
244541.33013, 3,  -6.507,  7.867,  0.895, 4,   0.004,  0.322, -2.774
244541.33453, 3,  -6.407,  7.676,  1.010, 4,   0.007,  0.261, -2.794
244541.33892, 3,  -6.728,  7.570,  0.939, 4,  -0.005,  0.229, -2.808
244541.34329, 3,  -6.785,  7.293,  0.785, 4,   0.015,  0.198, -2.812
244541.34768, 3,  -6.891,  7.187,  0.694, 4,   0.007,  0.190, -2.810
244541.35207, 3,  -6.967,  7.044,  0.661, 4,   0.045,  0.193, -2.826
244541.35647, 3,  -7.001,  7.087,  0.474, 4,   0.076,  0.201, -2.847
244541.36086, 3,  -7.077,  6.962,  0.402, 4,   0.116,  0.193, -2.852
244541.36526, 3,  -7.044,  6.637,  0.373, 4,   0.137,  0.199, -2.871
244541.36962, 3,  -7.001,  6.378,  0.369, 4,   0.191,  0.163, -2.890
244541.37402, 3,  -7.082,  6.239,  0.311, 4,   0.233,  0.117, -2.898
244541.37841, 3,  -7.053,  6.100,  0.297, 4,   0.272,  0.076, -2.910
244541.38281, 3,  -7.197,  5.952, -0.091, 4,   0.292,  0.062, -2.888
244541.38720, 3,  -7.393,  5.918,  0.215, 4,   0.314,  0.061, -2.888
244541.39159, 3,  -7.666,  5.756,  0.158, 4,   0.320,  0.051, -2.849
244541.39596, 3,  -7.867,  5.717,  0.393, 4,   0.309,  0.061, -2.811
244541.40035, 3,  -8.045,  5.717,  0.421, 4,   0.290,  0.058, -2.781
244541.40475, 3,  -8.236,  5.918,  0.546, 4,   0.279,  0.048, -2.765
244541.40914, 3,  -8.054,  6.000,  0.670, 4,   0.250,  0.022, -2.764
244541.41354, 3,  -8.025,  5.823,  0.867, 4,   0.254, -0.009, -2.776
244541.41790, 3,  -8.140,  5.684,  0.728, 4,   0.235, -0.043, -2.813
244541.42230, 3,  -8.135,  5.382,  0.766, 4,   0.231, -0.102, -2.811
244541.42669, 3,  -8.303,  5.138,  0.536, 4,   0.229, -0.132, -2.842
244541.43108, 3,  -8.413,  4.836,  0.541, 4,   0.243, -0.145, -2.868
244541.43548, 3,  -8.313,  4.707,  0.335, 4,   0.233, -0.150, -2.862
244541.43987, 3,  -8.380,  4.602,  0.172, 4,   0.214, -0.130, -2.876
244541.44424, 3,  -8.341,  4.712,  0.273, 4,   0.229, -0.083, -2.883
244541.44863, 3,  -8.303,  4.707,  0.187, 4,   0.223, -0.062, -2.893
244541.45303, 3,  -8.514,  4.587,  0.115, 4,   0.230, -0.044, -2.904
244541.45742, 3,  -8.533,  4.453,  0.187, 4,   0.228, -0.022, -2.917
244541.46182, 3,  -8.662,  4.343,  0.335, 4,   0.215, -0.011, -2.940, 5,  46.727, -8.737,  0.726
244541.46618, 3,  -8.801,  4.051,  0.211, 4,   0.174,  0.027, -2.952
244541.47057, 3,  -8.820,  3.706,  0.321, 4,   0.149,  0.039, -2.978
244541.47497, 3,  -8.835,  3.390,  0.340, 4,   0.118,  0.040, -3.016
244541.47936, 3,  -9.026,  2.998,  0.441, 4,   0.082,  0.016, -3.034
244541.48376, 3,  -9.136,  2.840,  0.321, 4,   0.060, -0.030, -3.020
244541.48815, 3,  -9.175,  2.772,  0.268, 4,   0.034, -0.069, -2.997
244541.49252, 3,  -9.122,  2.610,  0.335, 4,   0.006, -0.143, -2.977
244541.49691, 3,  -9.309,  2.595,  0.369, 4,  -0.006, -0.183, -2.929
244541.50131, 3,  -9.452,  2.658,  0.273, 4,  -0.035, -0.227, -2.870
244541.50570, 3,  -9.510,  2.710,  0.326, 4,  -0.036, -0.228, -2.831
244541.51009, 3,  -9.414,  2.648,  0.297, 4,  -0.072, -0.224, -2.764
244541.51449, 3,  -9.443,  2.691,  0.177, 4,  -0.053, -0.199, -2.725
244541.51885, 3,  -9.404,  2.658,  0.067, 4,  -0.078, -0.150, -2.710
244541.52325, 3,  -9.218,  2.466, -0.038, 4,  -0.109, -0.115, -2.680
244541.52764, 3,  -9.175,  2.375, -0.048, 4,  -0.111, -0.081, -2.679
244541.53204, 3,  -9.337,  2.169,  0.034, 4,  -0.103, -0.046, -2.684
244541.53643, 3,  -9.294,  1.906,  0.115, 4,  -0.119, -0.012, -2.681
244541.54080, 3,  -9.294,  1.753,  0.340, 4,  -0.126, -0.033, -2.684
244541.54519, 3,  -9.438,  1.604,  0.316, 4,  -0.109, -0.036, -2.688
244541.54958, 3,  -9.495,  1.499,  0.235, 4,  -0.130, -0.100, -2.679
244541.55398, 3,  -9.644,  1.350,  0.330, 4,  -0.112, -0.158, -2.667
244541.55837, 3,  -9.625,  1.202,  0.263, 4,  -0.111, -0.201, -2.665
244541.56277, 3,  -9.778,  0.996,  0.292, 4,  -0.102, -0.234, -2.633
244541.56713, 3,  -9.754,  0.862,  0.646, 4,  -0.100, -0.275, -2.608
244541.57153, 3,  -9.701,  0.881,  0.436, 4,  -0.100, -0.301, -2.600
244541.57592, 3,  -9.668,  0.790,  0.819, 4,  -0.103, -0.311, -2.593
244541.58032, 3,  -9.591,  0.785,  0.575, 4,  -0.083, -0.324, -2.597
244541.58471, 3,  -9.706,  0.728,  0.551, 4,  -0.078, -0.341, -2.565
244541.58910, 3,  -9.668,  0.498,  0.685, 4,  -0.068, -0.366, -2.543
244541.59347, 3,  -9.831,  0.479,  0.627, 4,  -0.061, -0.374, -2.501
244541.59786, 3,  -9.883,  0.340,  0.508, 4,  -0.059, -0.369, -2.435
244541.60226, 3,  -9.768,  0.469,  0.402, 4,  -0.039, -0.345, -2.360
244541.60665, 3,  -9.864,  0.350,  0.201, 4,  -0.040, -0.340, -2.250
244541.61105, 3,  -9.965,  0.373,  0.086, 4,  -0.005, -0.314, -2.143
244541.61541, 3, -10.051,  0.340,  0.048, 4,  -0.007, -0.265, -2.034
244541.61981, 3, -10.180,  0.335,  0.340, 4,   0.025, -0.201, -1.932
244541.62420, 3, -10.218,  0.302,  0.330, 4,   0.043, -0.149, -1.829
244541.62859, 3, -10.372,  0.359,  0.316, 4,   0.072, -0.060, -1.763
244541.63299, 3, -10.127,  0.259,  0.685, 4,   0.066,  0.012, -1.750
244541.63738, 3, -10.142,  0.254,  0.589, 4,   0.079,  0.058, -1.756
244541.64175, 3, -10.132,  0.077,  0.713, 4,   0.064,  0.094, -1.768
244541.64614, 3,  -9.941, -0.086,  0.814, 4,   0.065,  0.094, -1.805, 5,  45.213, 16.069,  1.215
244541.65054, 3,  -9.850, -0.225,  0.891, 4,   0.035,  0.077, -1.834
244541.65493, 3,  -9.974, -0.359,  0.651, 4,   0.026,  0.000, -1.832
244541.65933, 3, -10.032, -0.187,  0.570, 4,   0.002, -0.064, -1.825
244541.66372, 3, -10.032, -0.182,  0.575, 4,  -0.028, -0.135, -1.758
244541.66808, 3, -10.099, -0.144,  0.766, 4,  -0.049, -0.220, -1.719
244541.67248, 3, -10.338, -0.211,  0.656, 4,  -0.084, -0.292, -1.625
244541.67687, 3, -10.534, -0.158,  0.642, 4,  -0.092, -0.344, -1.538
244541.68127, 3, -10.573, -0.091,  0.532, 4,  -0.109, -0.347, -1.386
244541.68566, 3, -10.463, -0.148,  0.857, 4,  -0.124, -0.357, -1.247
244541.69003, 3, -10.376, -0.287,  0.737, 4,  -0.122, -0.353, -1.112
244541.69442, 3, -10.381, -0.316,  0.713, 4,  -0.117, -0.339, -0.996
244541.69882, 3,  -9.936, -0.685,  0.632, 4,  -0.113, -0.266, -0.880
244541.70321, 3,  -9.845, -0.857,  0.479, 4,  -0.107, -0.232, -0.779
244541.70760, 3,  -9.878, -0.881,  0.302, 4,  -0.097, -0.187, -0.652
244541.71200, 3,  -9.787, -0.824,  0.215, 4,  -0.078, -0.113, -0.535
244541.71636, 3,  -9.826, -0.871,  0.215, 4,  -0.048, -0.079, -0.420
244541.72076, 3,  -9.692, -0.776,  0.220, 4,  -0.023, -0.035, -0.321
244541.72515, 3,  -9.668, -0.761,  0.316, 4,   0.018, -0.007, -0.233
244541.72955, 3,  -9.610, -0.728,  0.498, 4,   0.053,  0.028, -0.146
244541.73394, 3,  -9.754, -0.781,  0.512, 4,   0.072,  0.054, -0.097
244541.73830, 3,  -9.850, -0.785,  0.575, 4,   0.074,  0.116, -0.061
244541.74270, 3,  -9.864, -0.934,  0.527, 4,   0.083,  0.189, -0.033
244541.74709, 3,  -9.869, -1.063,  0.651, 4,   0.084,  0.268, -0.046
244541.75149, 3,  -9.797, -1.216,  0.728, 4,   0.079,  0.324, -0.050
244541.75588, 3,  -9.826, -1.269,  0.656, 4,   0.083,  0.340, -0.064
244541.76028, 3,  -9.644, -1.470,  0.579, 4,   0.067,  0.353, -0.109
244541.76464, 3,  -9.697, -1.470,  0.455, 4,   0.046,  0.349, -0.119
244541.76904, 3,  -9.740, -1.489,  0.373, 4,   0.044,  0.321, -0.126
244541.77343, 3,  -9.610, -1.489,  0.215, 4,   0.033,  0.271, -0.115
244541.77783, 3,  -9.644, -1.446,  0.297, 4,  -0.003,  0.222, -0.067
244541.78222, 3,  -9.591, -1.537,  0.292, 4,   0.002,  0.158, -0.052
244541.78661, 3,  -9.438, -1.551,  0.220, 4,  -0.022,  0.103,  0.014
244541.79098, 3,  -9.543, -1.666,  0.134, 4,  -0.034,  0.044,  0.056
244541.79537, 3,  -9.572, -1.681,  0.129, 4,  -0.047,  0.034,  0.117
244541.79977, 3,  -9.591, -1.666,  0.239, 4,  -0.040,  0.012,  0.168
244541.80416, 3,  -9.677, -1.714,  0.340, 4,  -0.048, -0.007,  0.236
244541.80856, 3,  -9.644, -1.700,  0.268, 4,  -0.050, -0.012,  0.296
244541.81292, 3,  -9.692, -1.733,  0.297, 4,  -0.049,  0.018,  0.345
244541.81731, 3,  -9.725, -1.700,  0.326, 4,  -0.031,  0.025,  0.401
244541.82171, 3,  -9.673, -1.599,  0.278, 4,  -0.024,  0.045,  0.435
244541.82610, 3,  -9.730, -1.513,  0.560, 4,   0.000,  0.077,  0.493
244541.83050, 3,  -9.653, -1.231,  0.546, 4,   0.015,  0.080,  0.555, 5,  43.776, 22.675,  0.537
244541.83489, 3,  -9.807, -0.910,  0.618, 4,   0.036,  0.118,  0.618
244541.83926, 3, -10.041, -0.919,  0.737, 4,   0.046,  0.145,  0.663
244541.84365, 3, -10.008, -0.833,  0.632, 4,   0.070,  0.156,  0.716
244541.84805, 3,  -9.984, -0.848,  0.431, 4,   0.065,  0.208,  0.781
244541.85244, 3,  -9.965, -0.800,  0.283, 4,   0.065,  0.218,  0.814
244541.85684, 3,  -9.993, -0.967,  0.335, 4,   0.069,  0.215,  0.873
244541.86123, 3, -10.104, -0.986,  0.259, 4,   0.067,  0.185,  0.926
244541.86559, 3,  -9.993, -1.082,  0.043, 4,   0.074,  0.172,  0.976
244541.86999, 3, -10.056, -1.106,  0.014, 4,   0.084,  0.129,  1.027
244541.87438, 3, -10.065, -1.326,  0.034, 4,   0.102,  0.115,  1.099
244541.87878, 3, -10.046, -1.279, -0.038, 4,   0.101,  0.130,  1.158
244541.88317, 3, -10.127, -1.255, -0.196, 4,   0.094,  0.141,  1.222
244541.88754, 3, -10.104, -1.034, -0.187, 4,   0.116,  0.187,  1.323
244541.89193, 3, -10.161, -0.953, -0.283, 4,   0.126,  0.231,  1.374
244541.89632, 3, -10.142, -0.919, -0.230, 4,   0.116,  0.280,  1.450
244541.90072, 3, -10.252, -0.776, -0.326, 4,   0.121,  0.314,  1.529
244541.90511, 3, -10.266, -0.661, -0.570, 4,   0.103,  0.362,  1.609
244541.90951, 3, -10.252, -0.651, -0.498, 4,   0.064,  0.405,  1.687
244541.91387, 3, -10.228, -0.685, -0.603, 4,   0.038,  0.394,  1.762
244541.91827, 3, -10.161, -0.723, -0.608, 4,  -0.031,  0.359,  1.802
244541.92266, 3, -10.171, -0.785, -0.733, 4,  -0.082,  0.280,  1.838
244541.92706, 3,  -9.989, -0.594, -0.737, 4,  -0.170,  0.203,  1.889
244541.93145, 3,  -9.917, -0.733, -0.402, 4,  -0.261,  0.118,  1.915
244541.93585, 3,  -9.787, -0.599, -0.402, 4,  -0.345,  0.025,  1.937
244541.94021, 3,  -9.816, -0.618, -0.311, 4,  -0.438, -0.080,  1.950
244541.94460, 3,  -9.955, -0.642, -0.220, 4,  -0.525, -0.158,  1.950
244541.94900, 3,  -9.931, -0.541, -0.316, 4,  -0.610, -0.216,  1.996
244541.95339, 3,  -9.725, -0.278, -0.067, 4,  -0.667, -0.281,  2.027
244541.95779, 3,  -9.658,  0.235,  0.354, 4,  -0.726, -0.333,  2.077
244541.96215, 3,  -9.644,  0.886,  0.713, 4,  -0.761, -0.360,  2.137
244541.96655, 3,  -9.811,  1.408,  0.833, 4,  -0.738, -0.365,  2.200
244541.97094, 3,  -9.936,  1.743,  0.977, 4,  -0.762, -0.348,  2.267
244541.97533, 3, -10.060,  1.743,  1.020, 4,  -0.763, -0.309,  2.328
244541.97973, 3,  -9.965,  1.580,  0.675, 4,  -0.756, -0.215,  2.385
244541.98412, 3,  -9.716,  1.360,  0.421, 4,  -0.764, -0.161,  2.448
244541.98849, 3,  -9.543,  1.245,  0.225, 4,  -0.780, -0.070,  2.501
244541.99288, 3,  -9.237,  0.953, -0.010, 4,  -0.802, -0.001,  2.552
244541.99728, 3,  -9.165,  0.958, -0.129, 4,  -0.851, -0.001,  2.566
244542.00167, 3,  -8.902,  1.068, -0.283, 4,  -0.850, -0.055,  2.582
244542.00607, 3,  -8.653,  1.302, -0.364, 4,  -0.838, -0.130,  2.594
244542.01046, 3,  -8.614,  1.523, -0.326, 4,  -0.828, -0.193,  2.608
244542.01482, 3,  -8.629,  1.915, -0.378, 4,  -0.800, -0.245,  2.612, 5,  48.149,  9.175,  0.864
244542.01922, 3,  -8.744,  2.069, -0.086, 4,  -0.771, -0.270,  2.647
244542.02361, 3,  -8.667,  2.174,  0.618, 4,  -0.742, -0.268,  2.697
244542.02801, 3,  -8.825,  2.255,  1.097, 4,  -0.685, -0.279,  2.745
244542.03240, 3,  -9.146,  2.380,  1.800, 4,  -0.626, -0.300,  2.790
244542.03677, 3,  -9.333,  2.514,  2.131, 4,  -0.566, -0.322,  2.843
244542.04116, 3,  -9.304,  2.466,  2.212, 4,  -0.471, -0.297,  2.885
244542.04556, 3,  -9.299,  2.385,  2.337, 4,  -0.404, -0.264,  2.926
244542.04995, 3,  -8.997,  2.246,  2.112, 4,  -0.326, -0.205,  2.960
244542.05434, 3,  -8.705,  2.222,  1.901, 4,  -0.267, -0.127,  2.984
244542.05874, 3,  -8.365,  2.734,  1.585, 4,  -0.217, -0.052,  2.980
244542.06310, 3,  -7.954,  3.247,  1.499, 4,  -0.184,  0.066,  2.980
244542.06750, 3,  -7.877,  3.831,  1.365, 4,  -0.145,  0.153,  2.966
244542.07189, 3,  -7.767,  4.118,  1.183, 4,  -0.143,  0.214,  2.954
244542.07629, 3,  -7.891,  4.333,  1.235, 4,  -0.122,  0.232,  2.939
244542.08068, 3,  -8.183,  4.290,  1.173, 4,  -0.065,  0.244,  2.943
244542.08505, 3,  -8.279,  4.357,  0.915, 4,  -0.034,  0.248,  2.991
244542.08944, 3,  -8.246,  4.338,  0.599, 4,   0.012,  0.251,  3.022
244542.09383, 3,  -8.030,  4.108,  0.436, 4,   0.081,  0.284,  3.107
244542.09823, 3,  -7.944,  3.874,  0.426, 4,   0.131,  0.357,  3.192
244542.10262, 3,  -7.705,  3.701,  0.306, 4,   0.185,  0.441,  3.248
244542.10702, 3,  -7.489,  3.735,  0.029, 4,   0.230,  0.543,  3.318
244542.11138, 3,  -7.475,  3.845,  0.259, 4,   0.292,  0.652,  3.370
244542.11578, 3,  -7.345,  4.123,  0.388, 4,   0.319,  0.740,  3.408
244542.12017, 3,  -7.336,  4.458,  0.259, 4,   0.346,  0.805,  3.431
244542.12457, 3,  -7.570,  4.559,  0.354, 4,   0.347,  0.869,  3.449
244542.12896, 3,  -7.508,  4.788,  0.646, 4,   0.294,  0.963,  3.480
244542.13335, 3,  -7.618,  5.138,  0.804, 4,   0.270,  0.967,  3.493
244542.13772, 3,  -7.786,  5.253,  0.953, 4,   0.214,  0.899,  3.522
244542.14211, 3,  -7.987,  5.401,  0.924, 4,   0.163,  0.801,  3.537
244542.14651, 3,  -8.064,  5.804,  0.761, 4,   0.089,  0.706,  3.551
244542.15090, 3,  -7.920,  5.789,  0.393, 4,   0.020,  0.569,  3.578
244542.15530, 3,  -7.585,  5.808, -0.024, 4,  -0.033,  0.459,  3.600
244542.15966, 3,  -7.207,  5.871,  0.000, 4,  -0.102,  0.331,  3.607
244542.16406, 3,  -6.833,  5.871, -0.474, 4,  -0.157,  0.222,  3.622
244542.16845, 3,  -6.388,  6.110, -0.646, 4,  -0.234,  0.118,  3.591
244542.17284, 3,  -6.354,  6.225, -0.460, 4,  -0.295,  0.077,  3.572
244542.17724, 3,  -6.407,  6.144, -0.321, 4,  -0.373, -0.003,  3.533
244542.18163, 3,  -6.522,  5.981,  0.000, 4,  -0.444, -0.080,  3.508
244542.18600, 3,  -6.445,  6.005,  0.067, 4,  -0.508, -0.207,  3.507
244542.19039, 3,  -6.416,  5.923,  0.455, 4,  -0.542, -0.361,  3.497
244542.19479, 3,  -6.407,  5.890,  0.680, 4,  -0.567, -0.549,  3.530
244542.19918, 3,  -6.278,  6.139,  0.771, 4,  -0.579, -0.705,  3.566, 5,  45.457,-19.176,  2.167
244542.20358, 3,  -6.244,  6.752,  0.713, 4,  -0.571, -0.820,  3.628
244542.20797, 3,  -6.258,  7.307,  0.508, 4,  -0.572, -0.878,  3.693
244542.21233, 3,  -6.282,  7.733,  0.393, 4,  -0.543, -0.853,  3.737
244542.21673, 3,  -6.201,  8.164,  0.024, 4,  -0.551, -0.763,  3.780
244542.22112, 3,  -5.866,  8.370, -0.086, 4,  -0.566, -0.608,  3.806
244542.22552, 3,  -5.689,  8.452,  0.215, 4,  -0.603, -0.468,  3.819
244542.22991, 3,  -5.569,  8.246,  0.326, 4,  -0.636, -0.366,  3.827
244542.23428, 3,  -5.502,  7.652,  0.369, 4,  -0.664, -0.310,  3.804
244542.23867, 3,  -5.459,  7.307,  0.589, 4,  -0.692, -0.301,  3.789
244542.24307, 3,  -5.071,  6.852,  1.092, 4,  -0.747, -0.322,  3.766
244542.24746, 3,  -4.630,  6.594,  1.298, 4,  -0.775, -0.390,  3.739
244542.25185, 3,  -4.381,  6.579,  1.202, 4,  -0.788, -0.460,  3.716
244542.25625, 3,  -4.492,  6.843,  1.135, 4,  -0.766, -0.571,  3.671
244542.26061, 3,  -4.741,  7.523,  0.886, 4,  -0.744, -0.673,  3.620
244542.26501, 3,  -5.009,  7.944,  0.742, 4,  -0.713, -0.733,  3.619
244542.26940, 3,  -5.148,  8.528,  0.613, 4,  -0.667, -0.761,  3.613
244542.27380, 3,  -5.133,  9.036,  0.800, 4,  -0.615, -0.741,  3.638
244542.27819, 3,  -4.990,  9.543,  0.613, 4,  -0.554, -0.739,  3.676
244542.28259, 3,  -4.942,  9.888,  0.761, 4,  -0.477, -0.765,  3.705
244542.28695, 3,  -4.831, 10.276,  0.728, 4,  -0.403, -0.796,  3.764
244542.29134, 3,  -4.659, 10.606,  0.450, 4,  -0.322, -0.851,  3.803
244542.29574, 3,  -4.707, 10.539,  0.742, 4,  -0.213, -0.901,  3.821
244542.30013, 3,  -4.128, 10.324,  0.900, 4,  -0.114, -0.926,  3.820
244542.30453, 3,  -3.438,  9.888,  1.068, 4,  -0.009, -0.911,  3.816
244542.30889, 3,  -2.940,  9.419,  1.130, 4,   0.079, -0.886,  3.788
244542.31329, 3,  -2.399,  9.299,  1.188, 4,   0.151, -0.835,  3.805
244542.31768, 3,  -2.064,  9.285,  1.010, 4,   0.193, -0.781,  3.810
244542.32208, 3,  -1.695,  9.500,  1.120, 4,   0.249, -0.716,  3.889
244542.32647, 3,  -1.451,  9.558,  0.924, 4,   0.281, -0.649,  3.969
244542.33086, 3,  -1.475,  9.759,  0.833, 4,   0.290, -0.567,  4.084
244542.33523, 3,  -1.413, 10.127,  0.747, 4,   0.288, -0.521,  4.196
244542.33962, 3,  -1.092, 10.204,  0.527, 4,   0.274, -0.516,  4.332
244542.34402, 3,  -1.049, 10.573,  0.364, 4,   0.262, -0.571,  4.459
244542.34841, 3,  -0.919, 10.621,  0.306, 4,   0.261, -0.676,  4.574
244542.35281, 3,  -0.814, 10.578,  0.417, 4,   0.255, -0.766,  4.656
244542.35717, 3,  -0.450, 10.798,  0.532, 4,   0.229, -0.842,  4.722
244542.36157, 3,  -0.048, 10.736,  0.656, 4,   0.177, -0.891,  4.762
244542.36596, 3,  -0.005, 10.487,  0.771, 4,   0.151, -0.943,  4.787
244542.37035, 3,   0.096, 10.319,  0.804, 4,   0.099, -0.998,  4.786
244542.37475, 3,   0.388, 10.209,  0.986, 4,   0.051, -1.018,  4.751
244542.37914, 3,   0.666, 10.065,  1.092, 4,  -0.012, -1.030,  4.735
244542.38351, 3,   0.910, 10.036,  1.183, 4,  -0.104, -1.049,  4.688, 5,  21.626,-43.008, -3.580
244542.38790, 3,   1.125, 10.290,  1.192, 4,  -0.169, -1.018,  4.656
244542.39230, 3,   1.073, 10.582,  0.977, 4,  -0.241, -1.017,  4.668
244542.39669, 3,   1.063, 10.941,  0.752, 4,  -0.331, -1.022,  4.658
244542.40109, 3,   1.207, 11.147,  0.445, 4,  -0.387, -0.972,  4.658
244542.40548, 3,   1.681, 11.344,  0.450, 4,  -0.457, -0.927,  4.662
244542.40984, 3,   1.935, 11.147,  0.196, 4,  -0.506, -0.916,  4.627
244542.41424, 3,   2.322, 10.764,  0.359, 4,  -0.561, -0.957,  4.584
244542.41863, 3,   2.480, 10.654,  0.493, 4,  -0.565, -1.036,  4.511
244542.42303, 3,   2.734, 10.362,  0.718, 4,  -0.571, -1.132,  4.466
244542.42742, 3,   2.921,  9.855,  1.025, 4,  -0.527, -1.209,  4.406
244542.43179, 3,   3.280,  9.462,  1.561, 4,  -0.456, -1.253,  4.371
244542.43618, 3,   3.754,  9.395,  1.863, 4,  -0.393, -1.284,  4.379
244542.44058, 3,   3.912,  9.457,  1.762, 4,  -0.297, -1.264,  4.442
244542.44497, 3,   3.558,  9.534,  1.824, 4,  -0.140, -1.217,  4.526
244542.44936, 3,   3.496,  9.797,  1.796, 4,   0.016, -1.157,  4.634
244542.45376, 3,   3.486,  9.917,  1.638, 4,   0.193, -1.091,  4.747
244542.45812, 3,   3.745,  9.821,  1.743, 4,   0.362, -1.033,  4.844
244542.46252, 3,   4.228,  9.677,  1.599, 4,   0.521, -0.977,  4.882
244542.46691, 3,   4.362,  9.385,  1.935, 4,   0.655, -0.882,  4.876
244542.47131, 3,   4.669,  9.060,  2.155, 4,   0.736, -0.800,  4.878
244542.47570, 3,   4.645,  8.844,  2.298, 4,   0.801, -0.739,  4.822
244542.48010, 3,   4.798,  8.404,  2.672, 4,   0.810, -0.689,  4.763
244542.48446, 3,   4.999,  8.001,  3.065, 4,   0.777, -0.658,  4.743
244542.48885, 3,   5.023,  7.724,  3.165, 4,   0.745, -0.607,  4.732
244542.49325, 3,   5.061,  7.661,  3.179, 4,   0.671, -0.539,  4.752
244542.49764, 3,   5.148,  7.590,  2.993, 4,   0.599, -0.474,  4.809
244542.50204, 3,   5.253,  7.460,  2.911, 4,   0.558, -0.423,  4.886
244542.50640, 3,   5.488,  7.355,  2.567, 4,   0.535, -0.399,  4.983
244542.51080, 3,   5.789,  7.087,  2.155, 4,   0.545, -0.402,  5.100
244542.51519, 3,   5.923,  6.594,  1.896, 4,   0.608, -0.401,  5.177
244542.51959, 3,   6.488,  6.359,  1.662, 4,   0.675, -0.338,  5.289
244542.52398, 3,   7.159,  6.349,  1.499, 4,   0.719, -0.206,  5.356
244542.52837, 3,   8.059,  5.938,  1.437, 4,   0.749, -0.016,  5.420
244542.53274, 3,   8.638,  5.722,  0.742, 4,   0.762,  0.192,  5.480
244542.53713, 3,   8.734,  5.780,  0.306, 4,   0.724,  0.359,  5.512
244542.54153, 3,   8.413,  6.110, -0.397, 4,   0.678,  0.461,  5.501
244542.54592, 3,   8.222,  6.148, -0.622, 4,   0.619,  0.478,  5.507
244542.55032, 3,   8.327,  6.249, -1.010, 4,   0.586,  0.405,  5.488
244542.55471, 3,   8.662,  6.206, -0.962, 4,   0.523,  0.243,  5.466
244542.55908, 3,   8.882,  6.029, -0.757, 4,   0.493,  0.039,  5.478
244542.56347, 3,   9.251,  5.689, -0.929, 4,   0.464, -0.190,  5.485
244542.56786, 3,   9.352,  5.698, -0.852, 4,   0.470, -0.395,  5.495, 5, -21.761,-41.997, -3.580
244542.57226, 3,   9.270,  5.598, -0.436, 4,   0.461, -0.553,  5.504
244542.57665, 3,   9.304,  5.751, -0.101, 4,   0.485, -0.586,  5.490
244542.58102, 3,   9.189,  5.674, -0.014, 4,   0.527, -0.562,  5.486
244542.58541, 3,   8.930,  5.679,  0.129, 4,   0.522, -0.439,  5.439
244542.58981, 3,   9.036,  5.703, -0.038, 4,   0.543, -0.281,  5.415
244542.59420, 3,   9.074,  5.708, -0.287, 4,   0.565, -0.153,  5.363
244542.59860, 3,   9.117,  5.387, -0.330, 4,   0.582, -0.071,  5.293
244542.60299, 3,   9.175,  5.148, -0.565, 4,   0.632, -0.072,  5.218
244542.60735, 3,   9.242,  5.033, -0.397, 4,   0.665, -0.149,  5.120
244542.61175, 3,   9.395,  4.630, -0.124, 4,   0.692, -0.225,  5.027
244542.61614, 3,   9.524,  4.113,  0.359, 4,   0.695, -0.309,  4.913
244542.62054, 3,   9.629,  3.510,  0.699, 4,   0.637, -0.362,  4.764
244542.62493, 3,   9.711,  3.203,  0.895, 4,   0.554, -0.401,  4.645
244542.62930, 3,   9.668,  3.146,  1.202, 4,   0.437, -0.340,  4.508
244542.63369, 3,   9.582,  3.361,  1.403, 4,   0.291, -0.216,  4.388
244542.63809, 3,   9.376,  3.496,  1.484, 4,   0.131, -0.078,  4.250
244542.64248, 3,   9.127,  3.874,  1.508, 4,   0.001,  0.068,  4.134
244542.64687, 3,   8.662,  4.094,  1.207, 4,  -0.080,  0.189,  3.994
244542.65127, 3,   8.533,  4.582,  0.996, 4,  -0.162,  0.296,  3.871
244542.65563, 3,   8.442,  4.908,  0.599, 4,  -0.120,  0.366,  3.755
244542.66003, 3,   8.672,  4.913,  0.225, 4,  -0.072,  0.404,  3.605
244542.66442, 3,   8.792,  4.774, -0.201, 4,   0.037,  0.421,  3.460
244542.66882, 3,   9.189,  4.606, -0.359, 4,   0.154,  0.458,  3.297
244542.67321, 3,   9.385,  4.348, -0.498, 4,   0.283,  0.521,  3.108
244542.67761, 3,   9.505,  3.864, -0.713, 4,   0.404,  0.610,  2.948
244542.68197, 3,  10.017,  3.414, -0.886, 4,   0.529,  0.720,  2.756
244542.68636, 3,  10.305,  2.480, -0.781, 4,   0.635,  0.827,  2.597
244542.69076, 3,  10.353,  1.753, -0.790, 4,   0.690,  0.912,  2.454
244542.69515, 3,  10.290,  1.302, -0.804, 4,   0.725,  0.912,  2.309
244542.69955, 3,   9.950,  1.149, -0.541, 4,   0.716,  0.793,  2.242
244542.70391, 3,   9.495,  0.929, -0.460, 4,   0.708,  0.635,  2.214
244542.70831, 3,   9.313,  1.101, -0.192, 4,   0.671,  0.472,  2.200
244542.71270, 3,   9.261,  1.226,  0.254, 4,   0.616,  0.287,  2.249
244542.71710, 3,   9.146,  1.365,  0.637, 4,   0.550,  0.166,  2.317
244542.72149, 3,   8.902,  1.556,  0.632, 4,   0.464,  0.053,  2.385
244542.72588, 3,   8.768,  1.585,  0.742, 4,   0.371, -0.011,  2.436
244542.73025, 3,   8.815,  1.580,  0.560, 4,   0.289, -0.083,  2.420
244542.73464, 3,   8.954,  1.523,  0.781, 4,   0.233, -0.154,  2.394
244542.73904, 3,   9.165,  1.020,  0.824, 4,   0.157, -0.194,  2.309
244542.74343, 3,   9.165,  0.690,  1.144, 4,   0.066, -0.227,  2.189
244542.74783, 3,   9.165,  0.503,  1.274, 4,  -0.033, -0.162,  2.091
244542.75222, 3,   9.328,  0.493,  1.216, 4,  -0.146, -0.088,  1.980, 5, -46.817,-14.490, -0.484
244542.75658, 3,   9.294,  0.263,  1.149, 4,  -0.216, -0.058,  1.895
244542.76098, 3,   9.007,  0.124,  0.934, 4,  -0.284, -0.058,  1.778
244542.76537, 3,   9.108,  0.129,  0.675, 4,  -0.328, -0.127,  1.681
244542.76977, 3,   9.184,  0.153,  0.407, 4,  -0.361, -0.194,  1.609
244542.77416, 3,   9.289,  0.215,  0.144, 4,  -0.354, -0.259,  1.519
244542.77853, 3,   9.476,  0.311,  0.096, 4,  -0.325, -0.328,  1.444
244542.78292, 3,   9.529,  0.383,  0.139, 4,  -0.309, -0.383,  1.374
244542.78732, 3,   9.682,  0.388,  0.077, 4,  -0.263, -0.391,  1.332
244542.79171, 3,   9.716,  0.412,  0.134, 4,  -0.226, -0.380,  1.277
244542.79611, 3,   9.835,  0.345,  0.230, 4,  -0.151, -0.350,  1.218
244542.80050, 3,   9.926,  0.057,  0.584, 4,  -0.072, -0.331,  1.172
244542.80486, 3,   9.936, -0.268,  1.001, 4,  -0.024, -0.266,  1.120
244542.80926, 3,   9.730, -0.579,  1.092, 4,   0.010, -0.203,  1.031
244542.81365, 3,   9.821, -1.001,  1.393, 4,   0.016, -0.112,  0.937
244542.81805, 3,   9.816, -1.087,  1.398, 4,   0.022, -0.022,  0.882
244542.82244, 3,   9.840, -1.010,  1.231, 4,   0.015,  0.051,  0.788
244542.82684, 3,   9.917, -0.871,  1.087, 4,   0.011,  0.094,  0.725
244542.83120, 3,   9.821, -0.752,  0.713, 4,   0.005,  0.117,  0.707
244542.83559, 3,   9.821, -0.493,  0.498, 4,   0.006,  0.089,  0.677
244542.83999, 3,   9.926, -0.182,  0.010, 4,   0.022,  0.079,  0.669
244542.84438, 3,  10.008, -0.048, -0.378, 4,   0.035,  0.032,  0.640
244542.84878, 3,   9.946,  0.105, -0.709, 4,   0.028, -0.001,  0.605
244542.85314, 3,  10.017, -0.019, -0.728, 4,   0.078, -0.051,  0.534
244542.85754, 3,   9.989, -0.010, -0.819, 4,   0.092, -0.120,  0.470
244542.86193, 3,  10.046, -0.029, -0.752, 4,   0.098, -0.157,  0.394
244542.86633, 3,  10.190, -0.067, -0.737, 4,   0.097, -0.215,  0.282
244542.87072, 3,  10.013, -0.283, -0.273, 4,   0.087, -0.265,  0.199
244542.87512, 3,   9.797, -0.378, -0.081, 4,   0.080, -0.270,  0.128
244542.87948, 3,   9.764, -0.407,  0.034, 4,   0.032, -0.278,  0.061
244542.88387, 3,   9.673, -0.460,  0.024, 4,  -0.003, -0.278, -0.001
244542.88827, 3,   9.711, -0.474,  0.249, 4,  -0.026, -0.294, -0.044
244542.89266, 3,   9.644, -0.584,  0.215, 4,  -0.028, -0.325, -0.076
244542.89706, 3,   9.649, -0.632,  0.292, 4,  -0.051, -0.334, -0.119
244542.90145, 3,   9.615, -0.747,  0.594, 4,  -0.050, -0.317, -0.160
244542.90582, 3,   9.639, -1.058,  0.685, 4,  -0.036, -0.261, -0.208
244542.91021, 3,   9.500, -1.231,  0.929, 4,  -0.033, -0.224, -0.270
244542.91460, 3,   9.572, -1.456,  1.020, 4,  -0.003, -0.164, -0.309
244542.91900, 3,   9.658, -1.585,  1.006, 4,  -0.001, -0.103, -0.356
244542.92339, 3,   9.548, -1.657,  0.919, 4,   0.004, -0.019, -0.394
244542.92776, 3,   9.443, -1.724,  1.044, 4,   0.010,  0.025, -0.405
244542.93215, 3,   9.529, -1.647,  0.622, 4,   0.020,  0.081, -0.421
244542.93655, 3,   9.333, -1.551,  0.527, 4,   0.011,  0.115, -0.414, 5, -48.650, -8.258,  1.773
244542.94094, 3,   9.376, -1.355,  0.177, 4,   0.009,  0.134, -0.421
244542.94534, 3,   9.285, -1.537, -0.048, 4,   0.019,  0.146, -0.440
244542.94973, 3,   9.347, -1.384, -0.124, 4,   0.040,  0.140, -0.433
244542.95409, 3,   9.433, -1.269, -0.527, 4,   0.044,  0.151, -0.436
244542.95849, 3,   9.448, -1.168, -0.503, 4,   0.060,  0.142, -0.459
244542.96288, 3,   9.404, -1.197, -0.555, 4,   0.082,  0.104, -0.487
244542.96728, 3,   9.357, -1.130, -0.646, 4,   0.098,  0.108, -0.510
244542.97167, 3,   9.371, -1.082, -0.666, 4,   0.107,  0.095, -0.527
244542.97604, 3,   9.270, -0.972, -0.776, 4,   0.119,  0.065, -0.562
244542.98043, 3,   9.457, -0.991, -0.742, 4,   0.115,  0.051, -0.589
244542.98483, 3,   9.538, -1.010, -0.656, 4,   0.132,  0.028, -0.633
244542.98922, 3,   9.515, -1.044, -0.565, 4,   0.111,  0.017, -0.664
244542.99361, 3,   9.620, -1.183, -0.220, 4,   0.110,  0.012, -0.721
244542.99801, 3,   9.515, -1.355,  0.134, 4,   0.094,  0.031, -0.757
244543.00237, 3,   9.615, -1.274,  0.407, 4,   0.063,  0.052, -0.792
244543.00677, 3,   9.625, -1.393,  0.225, 4,   0.027,  0.080, -0.847
244543.01116, 3,   9.534, -1.369,  0.455, 4,  -0.002,  0.102, -0.883
244543.01556, 3,   9.519, -1.154,  0.263, 4,  -0.067,  0.118, -0.911
244543.01995, 3,   9.299, -0.838,  0.101, 4,  -0.112,  0.130, -0.940
244543.02435, 3,   9.433, -0.594, -0.034, 4,  -0.142,  0.122, -0.976
244543.02871, 3,   9.261, -0.330, -0.283, 4,  -0.173,  0.127, -1.024
244543.03310, 3,   9.443, -0.077, -0.479, 4,  -0.179,  0.122, -1.075
244543.03750, 3,   9.553,  0.196, -0.723, 4,  -0.205,  0.099, -1.170
244543.04189, 3,   9.155,  0.350, -0.642, 4,  -0.202,  0.120, -1.258
244543.04629, 3,   9.414,  0.766, -0.958, 4,  -0.230,  0.173, -1.321
244543.05065, 3,   9.644,  1.034, -1.192, 4,  -0.225,  0.209, -1.400
244543.05505, 3,   9.577,  0.848, -1.221, 4,  -0.236,  0.229, -1.495
244543.05944, 3,   9.668,  0.843, -1.202, 4,  -0.234,  0.200, -1.604
244543.06384, 3,   9.625,  0.766, -1.269, 4,  -0.223,  0.167, -1.733
244543.06823, 3,   9.735,  0.757, -1.183, 4,  -0.230,  0.097, -1.867
244543.07262, 3,   9.673,  0.742, -1.120, 4,  -0.209,  0.028, -2.020
244543.07699, 3,   9.749,  0.661, -1.130, 4,  -0.213, -0.083, -2.140
244543.08138, 3,   9.562,  0.766, -1.082, 4,  -0.191, -0.169, -2.302
244543.08578, 3,   9.433,  0.666, -0.905, 4,  -0.195, -0.272, -2.429
244543.09017, 3,   9.395,  0.570, -0.670, 4,  -0.178, -0.357, -2.572
244543.09457, 3,   9.653,  0.436, -0.273, 4,  -0.157, -0.415, -2.695
244543.09896, 3,   9.649,  0.383, -0.263, 4,  -0.132, -0.434, -2.830
244543.10333, 3,   9.797,  0.407, -0.005, 4,  -0.110, -0.407, -2.944
244543.10772, 3,   9.831,  0.460,  0.168, 4,  -0.093, -0.346, -3.043
244543.11211, 3,   9.735,  0.594,  0.268, 4,  -0.080, -0.272, -3.157
244543.11651, 3,   9.634,  0.579,  0.790, 4,  -0.071, -0.206, -3.252
244543.12090, 3,   9.606,  0.517,  0.761, 4,  -0.038, -0.143, -3.315, 5, -45.454,-18.214,  0.633
244543.12527, 3,   9.519,  0.527,  0.891, 4,  -0.028, -0.121, -3.400
244543.12966, 3,   9.606,  0.642,  0.819, 4,  -0.017, -0.110, -3.486
244543.13406, 3,   9.471,  0.622,  0.943, 4,  -0.023, -0.103, -3.546
244543.13845, 3,   9.428,  0.828,  0.958, 4,  -0.010, -0.116, -3.617
244543.14285, 3,   9.476,  1.188,  1.010, 4,  -0.022, -0.091, -3.694
244543.14724, 3,   9.486,  1.374,  0.895, 4,  -0.013, -0.042, -3.765
244543.15160, 3,   9.730,  1.901,  0.484, 4,  -0.015, -0.003, -3.851
244543.15600, 3,   9.792,  2.356,  0.172, 4,   0.025,  0.043, -3.922
244543.16039, 3,   9.993,  2.983,  0.024, 4,   0.060,  0.050, -4.016
244543.16479, 3,  10.060,  3.529, -0.124, 4,   0.129,  0.069, -4.129
244543.16918, 3,  10.190,  3.922, -0.527, 4,   0.213,  0.059, -4.224
244543.17358, 3,  10.175,  4.233, -0.618, 4,   0.277,  0.044, -4.355
244543.17794, 3,  10.281,  4.453, -0.570, 4,   0.364,  0.019, -4.454
244543.18234, 3,  10.405,  4.482, -0.484, 4,   0.405,  0.054, -4.576
244543.18673, 3,  10.582,  4.453, -0.201, 4,   0.430,  0.061, -4.704
244543.19112, 3,  10.554,  4.295, -0.072, 4,   0.433,  0.079, -4.815
244543.19552, 3,  10.434,  4.027,  0.206, 4,   0.395,  0.099, -4.930
244543.19988, 3,  10.496,  3.840,  0.316, 4,   0.348,  0.098, -5.016
244543.20428, 3,  10.175,  3.615,  0.560, 4,   0.290,  0.072, -5.107
244543.20867, 3,   9.840,  3.601,  0.460, 4,   0.223,  0.018, -5.200
244543.21307, 3,   9.452,  3.778,  0.484, 4,   0.167, -0.037, -5.284
244543.21746, 3,   9.227,  4.108,  0.321, 4,   0.095, -0.042, -5.321
244543.22186, 3,   9.136,  4.286,  0.225, 4,   0.060, -0.034, -5.343
244543.22622, 3,   9.040,  4.707,  0.144, 4,   0.009, -0.034, -5.302
244543.23061, 3,   8.892,  5.047,  0.005, 4,   0.006, -0.070, -5.236
244543.23501, 3,   8.638,  5.559, -0.215, 4,   0.050, -0.114, -5.160
244543.23940, 3,   8.490,  5.770, -0.311, 4,   0.094, -0.178, -5.061
244543.24380, 3,   8.432,  6.110, -0.441, 4,   0.163, -0.205, -4.971
244543.24816, 3,   8.169,  6.191, -0.350, 4,   0.235, -0.247, -4.899
244543.25256, 3,   8.159,  6.220, -0.532, 4,   0.308, -0.275, -4.822
244543.25695, 3,   7.925,  6.402, -0.464, 4,   0.372, -0.282, -4.771
244543.26135, 3,   7.877,  6.464, -0.752, 4,   0.404, -0.297, -4.731
244543.26574, 3,   7.398,  6.699, -0.699, 4,   0.424, -0.334, -4.687
244543.27013, 3,   7.087,  6.972, -0.565, 4,   0.420, -0.361, -4.663
244543.27450, 3,   6.632,  7.283, -0.196, 4,   0.429, -0.418, -4.617
244543.27889, 3,   6.340,  7.211,  0.326, 4,   0.386, -0.404, -4.579
244543.28329, 3,   6.076,  7.235,  0.498, 4,   0.344, -0.378, -4.510
244543.28768, 3,   5.588,  7.556,  0.661, 4,   0.281, -0.312, -4.458
244543.29208, 3,   5.258,  7.671,  0.747, 4,   0.239, -0.208, -4.416
244543.29647, 3,   5.066,  7.690,  0.795, 4,   0.191, -0.128, -4.359
244543.30084, 3,   4.942,  7.848,  0.675, 4,   0.128, -0.047, -4.293
244543.30523, 3,   4.942,  8.121,  0.436, 4,   0.120,  0.009, -4.239, 5, -17.496,-45.316,  2.261
244543.30962, 3,   4.750,  8.370,  0.278, 4,   0.111,  0.020, -4.205
244543.31402, 3,   4.673,  8.557,  0.120, 4,   0.116,  0.009, -4.155
244543.31841, 3,   4.401,  8.677, -0.311, 4,   0.138, -0.040, -4.110
244543.32278, 3,   4.266,  8.935, -0.512, 4,   0.145, -0.119, -4.086
244543.32717, 3,   4.108,  9.060, -0.527, 4,   0.175, -0.198, -4.050
244543.33157, 3,   4.017,  9.069, -0.512, 4,   0.174, -0.289, -4.010
244543.33596, 3,   4.008,  8.772, -0.283, 4,   0.133, -0.365, -4.001
244543.34036, 3,   4.152,  8.423, -0.182, 4,   0.078, -0.393, -3.971
244543.34475, 3,   4.104,  8.078,  0.182, 4,  -0.022, -0.394, -3.930
244543.34911, 3,   3.984,  7.767,  0.177, 4,  -0.153, -0.362, -3.877
244543.35351, 3,   3.649,  7.609,  0.158, 4,  -0.271, -0.323, -3.791
244543.35790, 3,   3.419,  7.681,  0.187, 4,  -0.380, -0.268, -3.682
244543.36230, 3,   3.318,  7.829,  0.153, 4,  -0.468, -0.250, -3.531
244543.36669, 3,   3.041,  8.035,  0.287, 4,  -0.555, -0.292, -3.366
244543.37109, 3,   2.787,  8.413,  0.259, 4,  -0.566, -0.353, -3.202
244543.37545, 3,   2.806,  8.772, -0.048, 4,  -0.554, -0.422, -3.030
244543.37985, 3,   2.739,  8.978,  0.096, 4,  -0.526, -0.487, -2.866
244543.38424, 3,   2.662,  9.222,  0.096, 4,  -0.485, -0.473, -2.735
244543.38863, 3,   2.658,  9.443,  0.105, 4,  -0.389, -0.435, -2.648
244543.39303, 3,   2.485,  9.433,  0.115, 4,  -0.313, -0.314, -2.595
244543.39739, 3,   2.514,  9.366,  0.196, 4,  -0.238, -0.164, -2.576
244543.40179, 3,   2.351,  9.323,  0.206, 4,  -0.170,  0.006, -2.574
244543.40618, 3,   2.346,  9.189, -0.029, 4,  -0.109,  0.180, -2.596
244543.41058, 3,   2.203,  9.170, -0.172, 4,  -0.073,  0.270, -2.642
244543.41497, 3,   1.863,  9.275, -0.244, 4,  -0.014,  0.280, -2.711
244543.41937, 3,   1.662,  9.309, -0.340, 4,   0.002,  0.230, -2.762
244543.42373, 3,   1.518,  9.591, -0.283, 4,   0.032,  0.143, -2.808
244543.42812, 3,   1.547,  9.567, -0.273, 4,   0.063,  0.087, -2.821
244543.43252, 3,   1.279,  9.644, -0.201, 4,   0.044,  0.058, -2.798
244543.43691, 3,   1.245,  9.409, -0.163, 4,   0.028,  0.062, -2.756
244543.44131, 3,   1.283,  9.275,  0.043, 4,  -0.009,  0.097, -2.711
244543.44570, 3,   1.183,  9.040,  0.168, 4,  -0.061,  0.122, -2.606
244543.45007, 3,   1.245,  8.849,  0.177, 4,  -0.082,  0.166, -2.509
244543.45446, 3,   1.087,  8.543,  0.235, 4,  -0.143,  0.205, -2.403
244543.45886, 3,   0.953,  8.231,  0.335, 4,  -0.175,  0.197, -2.302
244543.46325, 3,   0.613,  8.131,  0.369, 4,  -0.231,  0.185, -2.182
244543.46764, 3,   0.397,  8.088,  0.249, 4,  -0.274,  0.151, -2.071
244543.47201, 3,   0.417,  8.040,  0.263, 4,  -0.327,  0.142, -1.955
244543.47640, 3,   0.129,  8.389,  0.268, 4,  -0.367,  0.112, -1.826
244543.48080, 3,  -0.072,  8.523,  0.335, 4,  -0.417,  0.082, -1.698
244543.48519, 3,  -0.153,  8.811,  0.206, 4,  -0.448,  0.066, -1.563
244543.48959, 3,  -0.249,  9.155,  0.086, 4,  -0.464,  0.034, -1.417, 5,  10.588,-47.510,  2.100
244543.49398, 3,  -0.287,  9.395, -0.124, 4,  -0.496,  0.015, -1.313
244543.49835, 3,  -0.436,  9.725, -0.469, 4,  -0.491, -0.004, -1.224
244543.50274, 3,  -0.618,  9.835, -0.656, 4,  -0.506, -0.026, -1.152
244543.50713, 3,  -0.469, 10.084, -0.536, 4,  -0.485, -0.037, -1.093
244543.51153, 3,  -0.484, 10.084, -0.579, 4,  -0.460, -0.052, -1.070
244543.51592, 3,  -0.474, 10.223, -0.369, 4,  -0.430, -0.064, -1.045
244543.52029, 3,  -0.345, 10.338, -0.278, 4,  -0.369, -0.073, -1.054
244543.52468, 3,  -0.321, 10.496, -0.014, 4,  -0.312, -0.058, -1.022
244543.52908, 3,  -0.503, 10.635,  0.120, 4,  -0.267, -0.054, -1.013
244543.53347, 3,  -0.613, 10.654,  0.445, 4,  -0.228, -0.046, -0.988
244543.53787, 3,  -0.666, 10.582,  0.393, 4,  -0.197, -0.015, -0.942
244543.54226, 3,  -0.723, 10.420,  0.584, 4,  -0.169,  0.022, -0.920
244543.54662, 3,  -0.795, 10.458,  0.488, 4,  -0.163,  0.061, -0.879
244543.55102, 3,  -0.800, 10.482,  0.536, 4,  -0.174,  0.083, -0.865
244543.55541, 3,  -0.833, 10.458,  0.584, 4,  -0.179,  0.130, -0.820
244543.55981, 3,  -0.843, 10.434,  0.599, 4,  -0.184,  0.158, -0.802
244543.56420, 3,  -0.886, 10.467,  0.972, 4,  -0.154,  0.160, -0.761
244543.56860, 3,  -1.049, 10.625,  0.982, 4,  -0.132,  0.168, -0.714
244543.57296, 3,  -0.891, 10.645,  1.561, 4,  -0.112,  0.208, -0.685
244543.57736, 3,  -0.953, 10.755,  1.638, 4,  -0.073,  0.255, -0.646
244543.58175, 3,  -0.809, 10.812,  1.628, 4,  -0.071,  0.324, -0.617
244543.58614, 3,  -0.857, 10.951,  1.810, 4,  -0.084,  0.401, -0.598
244543.59054, 3,  -0.838, 10.965,  1.657, 4,  -0.100,  0.501, -0.576
244543.59490, 3,  -0.891, 11.071,  1.499, 4,  -0.137,  0.581, -0.588
244543.59930, 3,  -1.116, 11.315,  1.317, 4,  -0.170,  0.622, -0.607
244543.60369, 3,  -1.231, 11.396,  1.144, 4,  -0.215,  0.659, -0.627
244543.60809, 3,  -1.207, 11.473,  0.757, 4,  -0.295,  0.678, -0.656
244543.61248, 3,  -1.101, 11.588,  0.512, 4,  -0.338,  0.662, -0.686
244543.61688, 3,  -1.250, 11.665,  0.105, 4,  -0.396,  0.635, -0.731
244543.62124, 3,  -1.331, 11.751,  0.057, 4,  -0.467,  0.584, -0.777
244543.62563, 3,  -1.551, 11.621, -0.326, 4,  -0.527,  0.542, -0.825
244543.63003, 3,  -1.561, 11.392, -0.464, 4,  -0.576,  0.477, -0.867
244543.63442, 3,  -1.580, 11.195, -0.340, 4,  -0.636,  0.404, -0.912
244543.63882, 3,  -1.422, 10.941, -0.345, 4,  -0.679,  0.343, -0.969
244543.64321, 3,  -1.183, 10.329,  0.038, 4,  -0.696,  0.258, -0.997
244543.64758, 3,  -0.958,  9.950,  0.311, 4,  -0.730,  0.200, -1.006
244543.65197, 3,  -0.977,  9.629,  0.555, 4,  -0.765,  0.165, -1.025
244543.65637, 3,  -0.886,  9.232,  0.867, 4,  -0.774,  0.160, -0.985
244543.66076, 3,  -0.967,  9.079,  0.934, 4,  -0.786,  0.170, -0.919
244543.66515, 3,  -1.130,  8.935,  1.001, 4,  -0.814,  0.165, -0.855
244543.66952, 3,  -1.192,  8.782,  1.101, 4,  -0.812,  0.177, -0.746
244543.67391, 3,  -1.279,  8.959,  1.140, 4,  -0.789,  0.176, -0.616, 5,  18.660,-44.810, -2.136
244543.67831, 3,  -1.159,  8.863,  1.068, 4,  -0.783,  0.160, -0.519
244543.68270, 3,  -1.312,  9.007,  0.948, 4,  -0.721,  0.136, -0.413
244543.68710, 3,  -1.240,  8.997,  0.881, 4,  -0.668,  0.091, -0.295
244543.69149, 3,  -1.302,  9.184,  0.642, 4,  -0.598,  0.088, -0.208
244543.69585, 3,  -1.097,  9.380,  0.608, 4,  -0.527,  0.052, -0.119
244543.70025, 3,  -0.986,  9.246,  0.828, 4,  -0.418,  0.078, -0.076
244543.70464, 3,  -1.058,  9.433,  0.713, 4,  -0.340,  0.108, -0.037
244543.70904, 3,  -1.053,  9.443,  0.527, 4,  -0.235,  0.154, -0.018
244543.71343, 3,  -1.183,  9.538,  0.713, 4,  -0.121,  0.196,  0.013
244543.71783, 3,  -1.154,  9.510,  0.670, 4,  -0.013,  0.256,  0.045
244543.72219, 3,  -1.053,  9.515,  0.661, 4,   0.079,  0.289,  0.065
244543.72659, 3,  -1.111,  9.500,  0.584, 4,   0.188,  0.324,  0.084
244543.73098, 3,  -1.034,  9.534,  0.527, 4,   0.285,  0.343,  0.102
244543.73538, 3,  -0.900,  9.500,  0.407, 4,   0.360,  0.356,  0.124
244543.73977, 3,  -0.814,  9.443,  0.412, 4,   0.408,  0.354,  0.153
244543.74413, 3,  -0.919,  9.462,  0.244, 4,   0.425,  0.323,  0.180
244543.74853, 3,  -0.848,  9.337,  0.283, 4,   0.434,  0.291,  0.225
244543.75292, 3,  -0.843,  9.347,  0.220, 4,   0.431,  0.277,  0.259
244543.75732, 3,  -0.642,  9.357,  0.397, 4,   0.409,  0.230,  0.291
244543.76171, 3,  -0.757,  9.309,  0.196, 4,   0.393,  0.185,  0.315
244543.76611, 3,  -0.713,  9.543,  0.158, 4,   0.346,  0.140,  0.376
244543.77047, 3,  -0.781,  9.524,  0.177, 4,   0.311,  0.094,  0.410
244543.77486, 3,  -0.766,  9.591,  0.158, 4,   0.303,  0.063,  0.428
244543.77926, 3,  -0.656,  9.673,  0.330, 4,   0.265,  0.020,  0.454
244543.78365, 3,  -0.819,  9.649,  0.139, 4,   0.241, -0.011,  0.462
244543.78805, 3,  -0.642,  9.740,  0.306, 4,   0.212, -0.039,  0.462
244543.79241, 3,  -0.800,  9.649,  0.268, 4,   0.224, -0.069,  0.462
244543.79681, 3,  -0.915,  9.744,  0.187, 4,   0.193, -0.091,  0.461
244543.80120, 3,  -0.795,  9.845,  0.532, 4,   0.175, -0.118,  0.459
244543.80560, 3,  -0.824,  9.855,  0.498, 4,   0.152, -0.114,  0.442
244543.80999, 3,  -0.785,  9.888,  0.781, 4,   0.148, -0.115,  0.437
244543.81439, 3,  -0.761,  9.792,  0.833, 4,   0.158, -0.096,  0.423
244543.81875, 3,  -0.670,  9.864,  1.015, 4,   0.142, -0.096,  0.406
244543.82314, 3,  -0.680,  9.907,  1.001, 4,   0.125, -0.064,  0.387
244543.82754, 3,  -0.709,  9.807,  1.092, 4,   0.098, -0.032,  0.356
244543.83193, 3,  -0.752,  9.974,  1.001, 4,   0.098, -0.007,  0.327
244543.83633, 3,  -0.723, 10.027,  0.871, 4,   0.084,  0.027,  0.307
244543.84072, 3,  -0.757, 10.295,  0.943, 4,   0.079,  0.036,  0.291
244543.84509, 3,  -0.900, 10.300,  0.881, 4,   0.059,  0.064,  0.259
244543.84948, 3,  -0.867, 10.439,  0.694, 4,   0.047,  0.061,  0.250
244543.85387, 3,  -0.790, 10.530,  0.666, 4,   0.054,  0.045,  0.200
244543.85827, 3,  -0.800, 10.520,  0.613, 4,   0.058,  0.040,  0.187, 5,  19.182,-44.960, -1.649
244543.86266, 3,  -0.790, 10.386,  0.383, 4,   0.059,  0.000,  0.149
244543.86703, 3,  -0.742, 10.348,  0.450, 4,   0.084, -0.020,  0.113
244543.87142, 3,  -0.637, 10.151,  0.426, 4,   0.093, -0.060,  0.077
244543.87582, 3,  -0.675, 10.180,  0.383, 4,   0.083, -0.043,  0.045
244543.88021, 3,  -0.565,  9.979,  0.699, 4,   0.081, -0.040,  0.023
244543.88461, 3,  -0.632,  9.878,  0.752, 4,   0.069, -0.033, -0.001
244543.88900, 3,  -0.737,  9.740,  0.795, 4,   0.084, -0.025, -0.022
244543.89336, 3,  -0.646,  9.706,  1.001, 4,   0.072, -0.040, -0.001
244543.89776, 3,  -0.694,  9.725,  1.025, 4,   0.072, -0.052,  0.019
244543.90215, 3,  -0.723,  9.764,  1.034, 4,   0.063, -0.051,  0.053
244543.90655, 3,  -0.685,  9.792,  1.006, 4,   0.079, -0.067,  0.083
244543.91094, 3,  -0.790,  9.668,  0.977, 4,   0.055, -0.086,  0.124
244543.91534, 3,  -0.781,  9.663,  0.886, 4,   0.081, -0.078,  0.151
244543.91970, 3,  -0.804,  9.673,  0.891, 4,   0.099, -0.086,  0.170
244543.92410, 3,  -0.790,  9.778,  0.666, 4,   0.086, -0.079,  0.198
244543.92849, 3,  -0.603,  9.725,  0.919, 4,   0.114, -0.078,  0.200
244543.93288, 3,  -0.685,  9.692,  0.824, 4,   0.110, -0.086,  0.190
244543.93728, 3,  -0.627,  9.677,  0.943, 4,   0.089, -0.085,  0.201
244543.94164, 3,  -0.646,  9.663,  0.962, 4,   0.092, -0.072,  0.198
244543.94604, 3,  -0.795,  9.663,  1.025, 4,   0.079, -0.049,  0.202
244543.95043, 3,  -0.891,  9.658,  1.250, 4,   0.082, -0.017,  0.209
244543.95483, 3,  -0.761,  9.807,  1.269, 4,   0.079,  0.020,  0.213
244543.95922, 3,  -0.781,  9.845,  1.168, 4,   0.076,  0.060,  0.223
244543.96362, 3,  -0.871,  9.864,  1.092, 4,   0.077,  0.104,  0.203
244543.96798, 3,  -0.905,  9.898,  0.915, 4,   0.075,  0.121,  0.215
244543.97237, 3,  -0.795,  9.855,  0.680, 4,   0.086,  0.136,  0.202
244543.97677, 3,  -0.900, 10.056,  0.450, 4,   0.091,  0.137,  0.175
244543.98116, 3,  -0.761, 10.089,  0.536, 4,   0.109,  0.136,  0.144
244543.98556, 3,  -0.584, 10.065,  0.292, 4,   0.099,  0.120,  0.112
244543.98995, 3,  -0.699,  9.993,  0.450, 4,   0.091,  0.112,  0.083
244543.99432, 3,  -0.622,  9.898,  0.326, 4,   0.086,  0.087,  0.059
244543.99871, 3,  -0.632,  9.811,  0.263, 4,   0.063,  0.077,  0.037
244544.00311, 3,  -0.733,  9.859,  0.220, 4,   0.039,  0.055,  0.013
244544.00750, 3,  -0.666,  9.893,  0.206, 4,   0.004,  0.046,  0.010
244544.01189, 3,  -0.642,  9.759,  0.134, 4,  -0.026,  0.037,  0.013
244544.01626, 3,  -0.508,  9.831,  0.259, 4,  -0.047,  0.034,  0.010
244544.02065, 3,  -0.656,  9.725,  0.172, 4,  -0.072,  0.006,  0.026
244544.02505, 3,  -0.594,  9.835,  0.196, 4,  -0.084, -0.003,  0.037
244544.02944, 3,  -0.670,  9.749,  0.010, 4,  -0.102, -0.037,  0.047
244544.03384, 3,  -0.570,  9.783,  0.077, 4,  -0.110, -0.046,  0.068
244544.03823, 3,  -0.460,  9.754, -0.024, 4,  -0.113, -0.088,  0.060
244544.04260, 3,  -0.479,  9.701,  0.187, 4,  -0.099, -0.100,  0.056, 5,  17.500,-45.973, -0.671
244544.04699, 3,  -0.532,  9.797, -0.105, 4,  -0.079, -0.124,  0.070
244544.05138, 3,  -0.441,  9.811,  0.139, 4,  -0.097, -0.138,  0.084
244544.05578, 3,  -0.484,  9.811,  0.072, 4,  -0.081, -0.150,  0.069
244544.06017, 3,  -0.651,  9.864,  0.010, 4,  -0.075, -0.191,  0.067
244544.06457, 3,  -0.627,  9.931,  0.139, 4,  -0.055, -0.206,  0.075
244544.06893, 3,  -0.560,  9.855,  0.206, 4,  -0.038, -0.222,  0.049
244544.07333, 3,  -0.503,  9.835,  0.417, 4,  -0.028, -0.224,  0.051
244544.07772, 3,  -0.704,  9.787,  0.599, 4,  -0.019, -0.217,  0.052
244544.08212, 3,  -0.642,  9.735,  0.618, 4,  -0.015, -0.191,  0.043
244544.08651, 3,  -0.728,  9.792,  0.680, 4,  -0.009, -0.168,  0.023
244544.09087, 3,  -0.661,  9.653,  0.857, 4,  -0.026, -0.149,  0.026
244544.09527, 3,  -0.613,  9.586,  0.776, 4,   0.000, -0.099, -0.014
244544.09966, 3,  -0.575,  9.505,  0.895, 4,  -0.026, -0.064, -0.023
244544.10406, 3,  -0.565,  9.500,  0.809, 4,  -0.015, -0.045, -0.026
244544.10845, 3,  -0.666,  9.452,  0.713, 4,  -0.022, -0.017, -0.016
244544.11285, 3,  -0.632,  9.481,  0.699, 4,  -0.032,  0.015, -0.023
244544.11721, 3,  -0.709,  9.481,  0.790, 4,  -0.050,  0.006, -0.002
244544.12161, 3,  -0.704,  9.620,  0.733, 4,  -0.060,  0.012, -0.001
244544.12600, 3,  -0.757,  9.538,  0.637, 4,  -0.043,  0.010,  0.026
244544.13039, 3,  -0.728,  9.610,  0.565, 4,  -0.048,  0.010,  0.052
244544.13479, 3,  -0.637,  9.586,  0.441, 4,  -0.038,  0.009,  0.078
244544.13915, 3,  -0.728,  9.787,  0.268, 4,  -0.020, -0.011,  0.093
244544.14355, 3,  -0.651,  9.749,  0.297, 4,  -0.016, -0.015,  0.101
244544.14794, 3,  -0.781,  9.926,  0.129, 4,   0.020, -0.040,  0.116
244544.15234, 3,  -0.723,  9.965,  0.105, 4,   0.029, -0.061,  0.116
244544.15673, 3,  -0.618,  9.744,  0.144, 4,   0.076, -0.070,  0.131
244544.16113, 3,  -0.575,  9.759,  0.139, 4,   0.105, -0.101,  0.127
244544.16549, 3,  -0.522,  9.706,  0.373, 4,   0.131, -0.109,  0.114
244544.16988, 3,  -0.527,  9.720,  0.441, 4,   0.174, -0.112,  0.131
244544.17428, 3,  -0.637,  9.778,  0.603, 4,   0.167, -0.103,  0.124
244544.17867, 3,  -0.551,  9.697,  0.694, 4,   0.166, -0.107,  0.148
244544.18307, 3,  -0.570,  9.649,  0.910, 4,   0.182, -0.085,  0.167
244544.18746, 3,  -0.522,  9.601,  0.761, 4,   0.146, -0.070,  0.167
244544.19183, 3,  -0.575,  9.720,  0.776, 4,   0.135, -0.073,  0.164
244544.19622, 3,  -0.656,  9.783,  0.900, 4,   0.104, -0.065,  0.184
244544.20062, 3,  -0.603,  9.922,  0.785, 4,   0.087, -0.053,  0.182
244544.20501, 3,  -0.771,  9.859,  0.881, 4,   0.059, -0.056,  0.193
244544.20940, 3,  -0.512,  9.984,  0.781, 4,   0.052, -0.051,  0.195
244544.21377, 3,  -0.522, 10.008,  0.929, 4,   0.023, -0.050,  0.181
244544.21816, 3,  -0.622, 10.204,  0.809, 4,   0.002, -0.050,  0.191
244544.22256, 3,  -0.464, 10.142,  0.637, 4,  -0.001, -0.044,  0.175
244544.22695, 3,  -0.637,  9.984,  0.680, 4,  -0.006, -0.044,  0.146, 5,  16.827,-45.297, -1.649
244544.23135, 3,  -0.373, 10.242,  0.737, 4,  -0.007, -0.015,  0.142
244544.23574, 3,  -0.354, 10.376,  0.670, 4,   0.001,  0.006,  0.132
244544.24011, 3,  -0.474, 10.271,  0.675, 4,   0.002,  0.000,  0.114
244544.24450, 3,  -0.503, 10.185,  0.627, 4,  -0.004,  0.001,  0.080
244544.24889, 3,  -0.340,  9.998,  0.378, 4,  -0.016,  0.017,  0.054
244544.25329, 3,  -0.340, 10.104,  0.637, 4,  -0.015,  0.013,  0.016
244544.25768, 3,  -0.283, 10.027,  0.603, 4,   0.009,  0.010, -0.019
244544.26208, 3,  -0.187,  9.864,  0.656, 4,  -0.007, -0.004, -0.043
244544.26644, 3,  -0.292,  9.816,  0.747, 4,   0.012, -0.027, -0.062
244544.27084, 3,  -0.460,  9.754,  0.661, 4,  -0.005, -0.003, -0.044
244544.27523, 3,  -0.354,  9.725,  0.646, 4,  -0.013, -0.019, -0.048
244544.27963, 3,  -0.335,  9.826,  0.546, 4,  -0.016, -0.009, -0.029
244544.28402, 3,  -0.393,  9.778,  0.733, 4,  -0.022, -0.003,  0.006
244544.28838, 3,  -0.292,  9.668,  0.737, 4,  -0.034, -0.003,  0.034
244544.29278, 3,  -0.273,  9.649,  0.800, 4,  -0.029, -0.012,  0.066
244544.29717, 3,  -0.326,  9.538,  0.656, 4,  -0.024, -0.036,  0.081
244544.30157, 3,  -0.196,  9.639,  0.560, 4,  -0.019, -0.011,  0.086
244544.30596, 3,  -0.239,  9.677,  0.608, 4,  -0.002, -0.031,  0.102
244544.31036, 3,  -0.254,  9.610,  0.733, 4,   0.002, -0.042,  0.111
244544.31472, 3,  -0.230,  9.634,  0.584, 4,   0.025, -0.036,  0.105
244544.31912, 3,  -0.345,  9.840,  0.613, 4,   0.038, -0.035,  0.115
244544.32351, 3,  -0.397,  9.835,  0.704, 4,   0.054, -0.027,  0.131
244544.32790, 3,  -0.484,  9.807,  0.532, 4,   0.071, -0.023,  0.136
244544.33230, 3,  -0.316,  9.969,  0.512, 4,   0.099, -0.011,  0.135
244544.33669, 3,  -0.278, 10.046,  0.560, 4,   0.115, -0.034,  0.153
244544.34106, 3,  -0.431,  9.993,  0.555, 4,   0.153, -0.029,  0.133
244544.34545, 3,  -0.369, 10.075,  0.541, 4,   0.162, -0.014,  0.115
244544.34985, 3,  -0.297, 10.094,  0.517, 4,   0.182, -0.021,  0.113
244544.35424, 3,  -0.321, 10.075,  0.436, 4,   0.160, -0.012,  0.084
244544.35864, 3,  -0.292, 10.041,  0.359, 4,   0.177, -0.005,  0.078
244544.36300, 3,  -0.235,  9.965,  0.546, 4,   0.175,  0.001,  0.052
244544.36739, 3,  -0.263,  9.931,  0.335, 4,   0.149,  0.005,  0.027
244544.37179, 3,  -0.354,  9.845,  0.479, 4,   0.140,  0.018,  0.002
244544.37618, 3,  -0.215,  9.998,  0.153, 4,   0.113,  0.025,  0.002
244544.38058, 3,  -0.134, 10.041,  0.464, 4,   0.097,  0.016, -0.002
244544.38497, 3,  -0.397,  9.955,  0.378, 4,   0.077,  0.022, -0.006
244544.38934, 3,  -0.287,  9.787,  0.441, 4,   0.063, -0.006, -0.010
244544.39373, 3,  -0.249,  9.740,  0.306, 4,   0.029, -0.007, -0.001
244544.39813, 3,  -0.220,  9.835,  0.369, 4,   0.018, -0.021, -0.016
244544.40252, 3,  -0.350,  9.960,  0.302, 4,   0.001, -0.053, -0.007
244544.40691, 3,  -0.393,  9.869,  0.321, 4,   0.002, -0.078,  0.000
244544.41128, 3,  -0.498, 10.070,  0.187, 4,   0.003, -0.113,  0.004, 5,  17.505,-44.969, -0.992
244544.41567, 3,  -0.393,  9.946,  0.254, 4,   0.007, -0.124, -0.006
244544.42007, 3,  -0.412,  9.965,  0.292, 4,   0.012, -0.131,  0.017
244544.42446, 3,  -0.421,  9.917,  0.153, 4,   0.052, -0.146, -0.009
244544.42886, 3,  -0.316,  9.874,  0.460, 4,   0.060, -0.142,  0.005
244544.43325, 3,  -0.278,  9.768,  0.407, 4,   0.081, -0.132,  0.019
244544.43762, 3,  -0.354,  9.792,  0.340, 4,   0.102, -0.120,  0.007
244544.44201, 3,  -0.326,  9.759,  0.613, 4,   0.105, -0.115,  0.003
244544.44640, 3,  -0.450,  9.840,  0.469, 4,   0.135, -0.110, -0.022
244544.45080, 3,  -0.397,  9.969,  0.613, 4,   0.147, -0.100, -0.007
244544.45519, 3,  -0.517,  9.835,  0.608, 4,   0.160, -0.067, -0.022
244544.45959, 3,  -0.436,  9.893,  0.733, 4,   0.151, -0.049, -0.021
244544.46395, 3,  -0.450,  9.845,  0.575, 4,   0.176, -0.047, -0.038
244544.46835, 3,  -0.450,  9.797,  0.627, 4,   0.180, -0.031, -0.053
244544.47274, 3,  -0.441,  9.706,  0.661, 4,   0.151, -0.020, -0.039
244544.47714, 3,  -0.445,  9.706,  0.517, 4,   0.152, -0.028, -0.056
244544.48153, 3,  -0.450,  9.749,  0.733, 4,   0.144, -0.002, -0.053
244544.48589, 3,  -0.383,  9.663,  0.383, 4,   0.120, -0.013, -0.061
244544.49029, 3,  -0.407,  9.591,  0.441, 4,   0.114, -0.027, -0.033
244544.49468, 3,  -0.373,  9.634,  0.512, 4,   0.109, -0.049, -0.051
244544.49908, 3,  -0.297,  9.582,  0.450, 4,   0.091, -0.071, -0.045
244544.50347, 3,  -0.503,  9.586,  0.450, 4,   0.092, -0.077, -0.040
244544.50787, 3,  -0.455,  9.606,  0.536, 4,   0.075, -0.080, -0.040
244544.51223, 3,  -0.268,  9.649,  0.508, 4,   0.065, -0.070, -0.026
244544.51663, 3,  -0.388,  9.596,  0.474, 4,   0.046, -0.056, -0.013
244544.52102, 3,  -0.445,  9.476,  0.397, 4,   0.035, -0.046, -0.022
244544.52541, 3,  -0.397,  9.318,  0.350, 4,   0.036, -0.035,  0.011
244544.52981, 3,  -0.306,  9.304,  0.479, 4,   0.025, -0.034,  0.023
244544.53420, 3,  -0.268,  9.299,  0.426, 4,   0.018, -0.050,  0.030
244544.53857, 3,  -0.359,  9.371,  0.373, 4,   0.014, -0.070,  0.062
244544.54296, 3,  -0.369,  9.352,  0.421, 4,   0.004, -0.079,  0.087
244544.54736, 3,  -0.350,  9.438,  0.369, 4,   0.010, -0.105,  0.116
244544.55175, 3,  -0.388,  9.395,  0.508, 4,   0.000, -0.120,  0.136
244544.55615, 3,  -0.421,  9.500,  0.551, 4,   0.004, -0.130,  0.151
244544.56051, 3,  -0.187,  9.438,  0.388, 4,   0.001, -0.114,  0.181
244544.56490, 3,  -0.335,  9.577,  0.326, 4,  -0.011, -0.099,  0.206
244544.56930, 3,  -0.316,  9.586,  0.383, 4,   0.010, -0.081,  0.200
244544.57369, 3,  -0.254,  9.601,  0.335, 4,   0.021, -0.049,  0.205
244544.57809, 3,  -0.177,  9.625,  0.345, 4,   0.013, -0.014,  0.197
244544.58248, 3,  -0.220,  9.601,  0.172, 4,   0.044, -0.011,  0.149
244544.58685, 3,  -0.192,  9.816,  0.163, 4,   0.046, -0.002,  0.141
244544.59124, 3,  -0.211,  9.744,  0.067, 4,   0.074,  0.009,  0.102
244544.59564, 3,  -0.225,  9.869,  0.249, 4,   0.080,  0.037,  0.094, 5,  15.823,-45.645, -0.665
244544.60003, 3,  -0.230,  9.740,  0.215, 4,   0.076,  0.035,  0.082
244544.60442, 3,  -0.230,  9.826,  0.292, 4,   0.074,  0.039,  0.094
244544.60882, 3,  -0.311,  9.778,  0.172, 4,   0.065,  0.035,  0.094
244544.61318, 3,  -0.354,  9.730,  0.283, 4,   0.062,  0.026,  0.100
244544.61758, 3,  -0.144,  9.606,  0.297, 4,   0.046,  0.025,  0.102
244544.62197, 3,  -0.249,  9.682,  0.225, 4,   0.031,  0.012,  0.096
244544.62637, 3,  -0.139,  9.744,  0.134, 4,  -0.012, -0.001,  0.094
244544.63076, 3,  -0.211,  9.735,  0.086, 4,  -0.013,  0.002,  0.080
244544.63512, 3,  -0.259,  9.792, -0.029, 4,  -0.023, -0.009,  0.072
244544.63952, 3,  -0.182,  9.783, -0.077, 4,  -0.053, -0.021,  0.086
244544.64391, 3,  -0.263,  9.888,  0.077, 4,  -0.073,  0.000,  0.083
244544.64831, 3,  -0.211,  9.720,  0.110, 4,  -0.086, -0.007,  0.086
244544.65270, 3,  -0.182,  9.783, -0.043, 4,  -0.096,  0.001,  0.075
244544.65710, 3,  -0.148,  9.740,  0.077, 4,  -0.088, -0.033,  0.078
244544.66146, 3,  -0.168,  9.816,  0.062, 4,  -0.073, -0.029,  0.072
244544.66586, 3,  -0.192,  9.859,  0.120, 4,  -0.069, -0.049,  0.083
244544.67025, 3,  -0.182,  9.926,  0.158, 4,  -0.055, -0.062,  0.078
244544.67465, 3,  -0.192,  9.797,  0.053, 4,  -0.040, -0.083,  0.084
244544.67904, 3,  -0.206,  9.855,  0.168, 4,  -0.017, -0.089,  0.103
244544.68340, 3,  -0.283, 10.070,  0.283, 4,   0.005, -0.083,  0.114
244544.68780, 3,  -0.220,  9.946,  0.244, 4,   0.025, -0.084,  0.117
244544.69219, 3,  -0.124,  9.888,  0.283, 4,   0.032, -0.080,  0.117
244544.69659, 3,  -0.177,  9.998,  0.139, 4,   0.066, -0.059,  0.107
244544.70098, 3,  -0.225, 10.080,  0.168, 4,   0.071, -0.067,  0.100
244544.70538, 3,  -0.326, 10.080,  0.105, 4,   0.077, -0.058,  0.083
244544.70974, 3,  -0.335,  9.950,  0.124, 4,   0.081, -0.065,  0.072
244544.71413, 3,  -0.259, 10.027,  0.316, 4,   0.103, -0.060,  0.034
