244520.58450, 3,  -0.081,  9.797,  1.049, 4,   0.018,  0.023,  0.001
244520.58886, 3,  -0.067,  9.764,  1.058, 4,   0.012,  0.009,  0.017
244520.59322, 3,  -0.077,  9.706,  1.092, 4,   0.020,  0.017,  0.015
244520.59759, 3,  -0.057,  9.716,  0.948, 4,   0.017,  0.009,  0.028
244520.60195, 3,  -0.081,  9.802,  1.010, 4,   0.029, -0.003,  0.021
244520.60632, 3,  -0.062,  9.778,  1.111, 4,   0.034, -0.004,  0.017
244520.61068, 3,  -0.053,  9.706,  1.097, 4,   0.021, -0.007,  0.018
244520.61507, 3,  -0.215,  9.754,  0.919, 4,   0.016, -0.003,  0.018
244520.61944, 3,  -0.120,  9.764,  1.006, 4,   0.020,  0.000,  0.004
244520.62380, 3,  -0.110,  9.634,  0.900, 4,   0.020, -0.004,  0.020
244520.62817, 3,   0.005,  9.778,  0.795, 4,   0.019,  0.000,  0.018
244520.63253, 3,  -0.062,  9.768,  1.111, 4,   0.031,  0.001,  0.023
244520.63689, 3,   0.048,  9.744,  0.795, 4,   0.035,  0.014,  0.029
244520.64126, 3,  -0.062,  9.764,  0.886, 4,   0.018, -0.005,  0.028
244520.64562, 3,   0.043,  9.807,  0.939, 4,   0.011, -0.004,  0.014, 5,  14.133,-46.043, -1.740
244520.64999, 3,   0.034,  9.797,  1.029, 4,   0.020,  0.003,  0.030
244520.65438, 3,   0.153,  9.850,  0.982, 4,   0.020,  0.001,  0.021
244520.65874, 3,   0.168,  9.864,  0.919, 4,   0.005, -0.004,  0.015
244520.66311, 3,   0.124,  9.802,  0.895, 4,  -0.004, -0.033,  0.004
244520.66747, 3,   0.005,  9.835,  0.991, 4,  -0.007, -0.021, -0.004
244520.67184, 3,   0.014,  9.883,  0.838, 4,  -0.013, -0.023,  0.003
244520.67620, 3,  -0.034,  9.864,  1.106, 4,  -0.026, -0.027, -0.013
244520.68056, 3,  -0.110,  9.764,  0.996, 4,  -0.042,  0.001, -0.005
244520.68493, 3,   0.005,  9.816,  1.006, 4,  -0.038,  0.004, -0.022
244520.68929, 3,  -0.048,  9.855,  1.082, 4,  -0.053,  0.007, -0.027
244520.69366, 3,  -0.048,  9.692,  1.130, 4,  -0.066,  0.032, -0.011
244520.69805, 3,  -0.038,  9.850,  1.092, 4,  -0.073,  0.059, -0.023
244520.70242, 3,  -0.062,  9.821,  1.039, 4,  -0.072,  0.081, -0.013
244520.70678, 3,  -0.081,  9.792,  0.972, 4,  -0.066,  0.069, -0.016
244520.71114, 3,  -0.077,  9.773,  1.140, 4,  -0.077,  0.038, -0.015
244520.71551, 3,   0.048,  9.888,  1.111, 4,  -0.063,  0.011, -0.017
244520.71987, 3,   0.048,  9.826,  1.049, 4,  -0.067,  0.007, -0.003
244520.72424, 3,   0.163,  9.768,  0.967, 4,  -0.056, -0.039, -0.026
244520.72860, 3,   0.124,  9.821,  1.135, 4,  -0.033, -0.066,  0.001
244520.73296, 3,  -0.019,  9.649,  1.197, 4,  -0.022, -0.075, -0.013
244520.73736, 3,   0.124,  9.802,  1.039, 4,  -0.026, -0.087, -0.027
244520.74172, 3,   0.120,  9.725,  1.293, 4,  -0.006, -0.062, -0.029
244520.74609, 3,   0.053,  9.687,  1.207, 4,  -0.007, -0.046, -0.035
244520.75045, 3,  -0.005,  9.701,  1.288, 4,   0.011, -0.038, -0.046
244520.75481, 3,   0.158,  9.711,  1.326, 4,   0.005,  0.015, -0.047
244520.75918, 3,   0.029,  9.778,  1.231, 4,   0.002,  0.039, -0.066
244520.76354, 3,   0.072,  9.744,  1.097, 4,   0.010,  0.065, -0.053
244520.76791, 3,  -0.053,  9.778,  1.068, 4,   0.012,  0.083, -0.058
244520.77227, 3,  -0.230,  9.658,  1.053, 4,   0.006,  0.040, -0.040
244520.77666, 3,  -0.177,  9.720,  1.063, 4,   0.017,  0.031, -0.039
244520.78103, 3,  -0.110,  9.697,  0.943, 4,   0.006,  0.017, -0.013
244520.78539, 3,  -0.062,  9.673,  1.111, 4,   0.019, -0.014, -0.011
244520.78976, 3,  -0.144,  9.634,  1.207, 4,   0.030, -0.021,  0.012
244520.79412, 3,  -0.101,  9.687,  0.996, 4,   0.034, -0.039,  0.008
244520.79848, 3,  -0.148,  9.706,  1.092, 4,   0.029, -0.039,  0.026
244520.80285, 3,  -0.010,  9.744,  1.073, 4,   0.042, -0.058,  0.037
244520.80721, 3,  -0.010,  9.749,  1.168, 4,   0.048, -0.065,  0.044
244520.81158, 3,   0.062,  9.744,  1.063, 4,   0.055, -0.077,  0.039
244520.81597, 3,   0.048,  9.821,  1.077, 4,   0.051, -0.071,  0.039
244520.82034, 3,   0.014,  9.663,  1.082, 4,   0.054, -0.089,  0.034
244520.82470, 3,   0.101,  9.586,  1.082, 4,   0.061, -0.086,  0.027
244520.82906, 3,  -0.038,  9.682,  1.015, 4,   0.068, -0.054,  0.016, 5,  13.797,-45.030, -2.718
244520.83343, 3,   0.029,  9.701,  1.025, 4,   0.076, -0.043,  0.019
244520.83779, 3,   0.000,  9.730,  0.943, 4,   0.080, -0.010,  0.010
244520.84216, 3,  -0.067,  9.716,  1.020, 4,   0.068,  0.028, -0.001
244520.84652, 3,   0.000,  9.816,  0.986, 4,   0.099,  0.036, -0.012
244520.85088, 3,  -0.110,  9.582,  0.948, 4,   0.071,  0.050, -0.005
244520.85525, 3,  -0.029,  9.687,  0.618, 4,   0.076,  0.051,  0.011
244520.85964, 3,  -0.105,  9.720,  0.819, 4,   0.051,  0.068, -0.003
244520.86401, 3,  -0.134,  9.773,  0.867, 4,   0.045,  0.051,  0.008
244520.86837, 3,  -0.077,  9.749,  0.871, 4,   0.034,  0.022,  0.006
244520.87273, 3,  -0.144,  9.816,  0.833, 4,   0.037,  0.000,  0.018
244520.87710, 3,  -0.038,  9.783,  0.843, 4,   0.039, -0.015,  0.020
244520.88146, 3,  -0.120,  9.720,  0.852, 4,   0.009, -0.030,  0.013
244520.88583, 3,  -0.206,  9.754,  0.757, 4,   0.025, -0.030,  0.039
244520.89019, 3,  -0.187,  9.687,  0.843, 4,   0.021, -0.063,  0.031
244520.89455, 3,  -0.129,  9.764,  0.867, 4,   0.031, -0.083,  0.037
244520.89895, 3,  -0.110,  9.768,  0.929, 4,   0.015, -0.080,  0.037
244520.90331, 3,  -0.072,  9.735,  1.034, 4,   0.022, -0.092,  0.053
244520.90768, 3,  -0.124,  9.754,  0.862, 4,   0.005, -0.094,  0.049
244520.91204, 3,  -0.081,  9.754,  1.044, 4,   0.016, -0.079,  0.069
244520.91640, 3,  -0.077,  9.711,  0.996, 4,   0.002, -0.054,  0.038
244520.92077, 3,  -0.072,  9.826,  0.804, 4,  -0.004, -0.036,  0.055
244520.92513, 3,   0.005,  9.850,  0.800, 4,   0.003, -0.042,  0.043
244520.92950, 3,   0.081,  9.778,  0.986, 4,   0.015, -0.023,  0.042
244520.93386, 3,   0.057,  9.768,  0.895, 4,  -0.004, -0.038,  0.040
244520.93826, 3,   0.034,  9.850,  0.939, 4,  -0.011, -0.051,  0.039
244520.94262, 3,   0.148,  9.778,  0.986, 4,   0.015, -0.047,  0.038
244520.94698, 3,   0.053,  9.855,  0.910, 4,  -0.001, -0.051,  0.042
244520.95135, 3,   0.115,  9.687,  0.843, 4,   0.005, -0.059,  0.049
244520.95571, 3,   0.148,  9.826,  0.910, 4,   0.012, -0.079,  0.054
244520.96008, 3,   0.062,  9.764,  0.785, 4,   0.009, -0.100,  0.054
244520.96444, 3,   0.096,  9.850,  0.804, 4,   0.025, -0.131,  0.059
244520.96880, 3,   0.043,  9.835,  0.747, 4,   0.013, -0.135,  0.044
244520.97317, 3,   0.034,  9.811,  0.962, 4,   0.029, -0.144,  0.050
244520.97756, 3,   0.034,  9.797,  0.838, 4,   0.025, -0.121,  0.045
244520.98193, 3,  -0.038,  9.831,  0.972, 4,   0.025, -0.112,  0.033
244520.98629, 3,   0.034,  9.912,  0.828, 4,   0.021, -0.094,  0.027
244520.99065, 3,   0.010,  9.874,  0.895, 4,   0.022, -0.054,  0.040
244520.99502, 3,  -0.034,  9.864,  0.977, 4,   0.016, -0.046,  0.019
244520.99938, 3,  -0.014,  9.850,  1.006, 4,  -0.002, -0.019,  0.024
244521.00375, 3,   0.029,  9.773,  0.958, 4,   0.006, -0.023,  0.018
244521.00811, 3,  -0.034,  9.792,  0.824, 4,   0.010, -0.018,  0.006
244521.01247, 3,   0.010,  9.701,  0.910, 4,   0.005, -0.033,  0.019, 5,  12.956,-45.874, -2.229
244521.01687, 3,   0.077,  9.773,  0.924, 4,   0.010, -0.068,  0.012
244521.02123, 3,   0.014,  9.768,  0.900, 4,   0.007, -0.079,  0.015
244521.02560, 3,   0.053,  9.711,  0.919, 4,   0.030, -0.097,  0.012
244521.02996, 3,  -0.072,  9.701,  0.900, 4,   0.023, -0.094,  0.029
244521.03432, 3,  -0.144,  9.778,  0.886, 4,   0.056, -0.116,  0.023
244521.03869, 3,  -0.086,  9.831,  0.881, 4,   0.037, -0.108,  0.045
244521.04305, 3,  -0.043,  9.697,  1.087, 4,   0.047, -0.126,  0.031
244521.04742, 3,  -0.067,  9.740,  1.029, 4,   0.049, -0.120,  0.024
244521.05178, 3,  -0.057,  9.783,  0.838, 4,   0.035, -0.100,  0.036
244521.05614, 3,  -0.038,  9.692,  0.843, 4,   0.061, -0.073,  0.021
244521.06054, 3,   0.005,  9.730,  0.972, 4,   0.054, -0.080,  0.039
244521.06490, 3,  -0.048,  9.778,  0.934, 4,   0.052, -0.071,  0.019
244521.06927, 3,  -0.110,  9.591,  0.699, 4,   0.045, -0.079,  0.022
244521.07363, 3,  -0.091,  9.673,  0.785, 4,   0.046, -0.088,  0.028
244521.07800, 3,  -0.144,  9.740,  0.790, 4,   0.049, -0.076,  0.035
244521.08236, 3,  -0.124,  9.711,  0.900, 4,   0.029, -0.076,  0.037
244521.08672, 3,   0.029,  9.711,  0.876, 4,   0.020, -0.067,  0.045
244521.09109, 3,  -0.144,  9.682,  0.895, 4,   0.015, -0.039,  0.042
244521.09545, 3,  -0.067,  9.764,  0.804, 4,  -0.001, -0.044,  0.044
244521.09985, 3,  -0.034,  9.840,  0.962, 4,  -0.029, -0.028,  0.035
244521.10421, 3,   0.029,  9.831,  0.962, 4,  -0.044, -0.012,  0.046
244521.10857, 3,   0.048,  9.783,  0.876, 4,  -0.040, -0.030,  0.027
244521.11294, 3,  -0.048,  9.864,  0.795, 4,  -0.040, -0.003,  0.029
244521.11730, 3,   0.057,  9.653,  1.111, 4,  -0.057,  0.033,  0.029
244521.12167, 3,   0.062,  9.735,  1.025, 4,  -0.049,  0.029,  0.026
244521.12603, 3,   0.086,  9.725,  0.915, 4,  -0.052,  0.033,  0.010
244521.13039, 3,   0.101,  9.720,  1.001, 4,  -0.055,  0.071,  0.004
244521.13476, 3,   0.038,  9.730,  0.886, 4,  -0.057,  0.099,  0.004
244521.13915, 3,   0.081,  9.697,  0.967, 4,  -0.067,  0.104,  0.016
244521.14352, 3,   0.163,  9.759,  0.819, 4,  -0.051,  0.064,  0.005
244521.14788, 3,   0.134,  9.673,  0.996, 4,  -0.050,  0.058,  0.017
244521.15224, 3,   0.081,  9.716,  0.915, 4,  -0.056,  0.015,  0.005
244521.15661, 3,   0.120,  9.740,  1.106, 4,  -0.062, -0.002, -0.005
244521.16097, 3,   0.048,  9.850,  1.092, 4,  -0.053, -0.052, -0.001
244521.16534, 3,   0.134,  9.787,  1.106, 4,  -0.053, -0.031, -0.001
244521.16970, 3,   0.129,  9.735,  1.135, 4,  -0.057, -0.025,  0.014
244521.17406, 3,   0.096,  9.687,  1.164, 4,  -0.052,  0.011,  0.006
244521.17846, 3,   0.010,  9.639,  1.178, 4,  -0.060,  0.022,  0.005
244521.18282, 3,   0.139,  9.653,  1.183, 4,  -0.038,  0.048,  0.016
244521.18719, 3,   0.163,  9.711,  1.116, 4,  -0.023,  0.062,  0.026
244521.19155, 3,   0.062,  9.663,  1.269, 4,  -0.030,  0.061,  0.014
244521.19592, 3,   0.134,  9.716,  1.125, 4,  -0.002,  0.045,  0.018, 5,  13.797,-46.381, -2.391
244521.20031, 3,   0.110,  9.629,  1.178, 4,   0.019,  0.037,  0.015
244521.20470, 3,   0.158,  9.697,  1.197, 4,   0.012,  0.036,  0.021
244521.20910, 3,   0.273,  9.658,  1.130, 4,   0.028,  0.038,  0.011
244521.21346, 3,   0.124,  9.634,  1.149, 4,   0.036,  0.045,  0.011
244521.21786, 3,   0.129,  9.735,  1.235, 4,   0.050,  0.045,  0.011
244521.22225, 3,   0.350,  9.687,  1.106, 4,   0.055,  0.070,  0.014
244521.22665, 3,   0.254,  9.716,  1.044, 4,   0.058,  0.093,  0.011
244521.23104, 3,   0.139,  9.778,  1.020, 4,   0.048,  0.092,  0.005
244521.23544, 3,   0.302,  9.706,  1.149, 4,   0.047,  0.104, -0.011
244521.23983, 3,   0.230,  9.773,  0.943, 4,   0.045,  0.098, -0.017
244521.24422, 3,   0.120,  9.725,  0.991, 4,   0.049,  0.102, -0.029
244521.24859, 3,   0.038,  9.802,  0.934, 4,   0.037,  0.081, -0.023
244521.25298, 3,   0.096,  9.826,  0.895, 4,   0.040,  0.096, -0.021
244521.25738, 3,   0.072,  9.764,  0.886, 4,   0.035,  0.069, -0.010
244521.26177, 3,   0.048,  9.926,  0.919, 4,   0.029,  0.108, -0.023
244521.26617, 3,   0.124,  9.869,  1.006, 4,   0.007,  0.108, -0.006
244521.27056, 3,   0.077,  9.802,  0.824, 4,  -0.002,  0.111, -0.009
244521.27496, 3,   0.105,  9.759,  0.967, 4,  -0.011,  0.140,  0.006
244521.27935, 3,   0.024,  9.816,  0.967, 4,  -0.021,  0.157, -0.003
244521.28371, 3,   0.110,  9.711,  0.991, 4,  -0.019,  0.154, -0.017
244521.28811, 3,  -0.005,  9.773,  1.015, 4,  -0.027,  0.190, -0.023
244521.29250, 3,  -0.115,  9.835,  0.939, 4,  -0.026,  0.206, -0.014
244521.29690, 3,   0.077,  9.811,  0.891, 4,  -0.024,  0.231, -0.031
244521.30129, 3,   0.038,  9.811,  0.958, 4,  -0.026,  0.240, -0.021
244521.30569, 3,   0.081,  9.673,  0.943, 4,  -0.023,  0.219, -0.032
244521.31008, 3,  -0.019,  9.682,  1.101, 4,  -0.033,  0.219,  0.000
244521.31448, 3,  -0.077,  9.811,  0.919, 4,  -0.032,  0.225, -0.006
244521.31884, 3,  -0.158,  9.725,  1.006, 4,  -0.039,  0.218,  0.000
244521.32323, 3,  -0.019,  9.749,  0.886, 4,  -0.039,  0.217, -0.001
244521.32763, 3,  -0.019,  9.787,  1.001, 4,  -0.045,  0.186,  0.010
244521.33202, 3,  -0.081,  9.869,  0.910, 4,  -0.039,  0.177,  0.030
244521.33642, 3,  -0.115,  9.855,  1.044, 4,  -0.029,  0.187,  0.017
244521.34081, 3,  -0.081,  9.697,  0.905, 4,  -0.051,  0.156,  0.010
244521.34521, 3,  -0.287,  9.610,  1.073, 4,  -0.056,  0.190,  0.028
244521.34960, 3,  -0.187,  9.682,  1.168, 4,  -0.057,  0.238,  0.038
244521.35400, 3,  -0.129,  9.740,  1.144, 4,  -0.057,  0.309,  0.045
244521.35836, 3,  -0.283,  9.878,  1.073, 4,  -0.068,  0.359,  0.042
244521.36275, 3,  -0.239,  9.826,  1.101, 4,  -0.093,  0.410,  0.067
244521.36715, 3,  -0.263,  9.878,  1.154, 4,  -0.078,  0.458,  0.058
244521.37154, 3,  -0.096,  9.735,  1.188, 4,  -0.105,  0.489,  0.067
244521.37594, 3,  -0.115,  9.768,  1.020, 4,  -0.093,  0.531,  0.069
244521.38033, 3,  -0.014,  9.668,  1.116, 4,  -0.101,  0.543,  0.068, 5,  13.797,-45.030, -3.369
244521.38473, 3,  -0.038,  9.744,  1.049, 4,  -0.099,  0.531,  0.085
244521.38912, 3,  -0.120,  9.735,  1.092, 4,  -0.105,  0.526,  0.082
244521.39349, 3,  -0.139,  9.797,  0.934, 4,  -0.115,  0.517,  0.077
244521.39788, 3,  -0.048,  9.744,  1.231, 4,  -0.083,  0.529,  0.095
244521.40228, 3,  -0.096,  9.754,  1.015, 4,  -0.088,  0.510,  0.099
244521.40667, 3,   0.053,  9.692,  1.082, 4,  -0.070,  0.506,  0.108
244521.41106, 3,   0.043,  9.855,  1.077, 4,  -0.042,  0.497,  0.087
244521.41546, 3,  -0.029,  9.811,  1.140, 4,  -0.032,  0.495,  0.093
244521.41985, 3,  -0.038,  9.687,  1.293, 4,  -0.016,  0.522,  0.084
244521.42425, 3,  -0.005,  9.548,  1.331, 4,  -0.028,  0.571,  0.088
244521.42861, 3,  -0.206,  9.668,  1.317, 4,  -0.040,  0.624,  0.086
244521.43301, 3,  -0.134,  9.778,  1.106, 4,  -0.032,  0.676,  0.092
244521.43740, 3,  -0.034,  9.826,  1.369, 4,  -0.038,  0.715,  0.100
244521.44180, 3,  -0.105,  9.744,  1.346, 4,  -0.039,  0.807,  0.088
244521.44619, 3,  -0.005,  9.840,  1.288, 4,  -0.046,  0.893,  0.078
244521.45058, 3,  -0.096,  9.802,  1.451, 4,  -0.059,  0.994,  0.064
244521.45498, 3,   0.034,  9.792,  1.384, 4,  -0.051,  1.098,  0.047
244521.45937, 3,   0.263,  9.869,  1.259, 4,  -0.062,  1.197,  0.050
244521.46374, 3,   0.215,  9.893,  1.274, 4,  -0.056,  1.284,  0.032
244521.46813, 3,   0.345,  9.840,  1.207, 4,  -0.072,  1.350,  0.002
244521.47253, 3,   0.330,  9.778,  1.322, 4,  -0.080,  1.417, -0.014
244521.47692, 3,   0.196,  9.749,  1.355, 4,  -0.076,  1.475, -0.044
244521.48132, 3,   0.335,  9.816,  1.264, 4,  -0.095,  1.565, -0.063
244521.48571, 3,   0.278,  9.653,  1.331, 4,  -0.081,  1.653, -0.104
244521.49010, 3,   0.057,  9.606,  1.331, 4,  -0.084,  1.772, -0.110
244521.49450, 3,   0.134,  9.644,  1.250, 4,  -0.092,  1.855, -0.127
244521.49886, 3,   0.029,  9.663,  0.972, 4,  -0.094,  1.984, -0.132
244521.50326, 3,  -0.067,  9.706,  0.982, 4,  -0.099,  2.072, -0.138
244521.50765, 3,  -0.254,  9.735,  1.025, 4,  -0.105,  2.133, -0.147
244521.51205, 3,  -0.254,  9.706,  0.982, 4,  -0.108,  2.191, -0.141
244521.51644, 3,  -0.412,  9.519,  1.029, 4,  -0.113,  2.283, -0.149
244521.52084, 3,  -0.306,  9.562,  1.087, 4,  -0.153,  2.380, -0.144
244521.52523, 3,  -0.302,  9.649,  0.905, 4,  -0.169,  2.480, -0.145
244521.52962, 3,  -0.259,  9.735,  0.857, 4,  -0.207,  2.613, -0.130
244521.53399, 3,  -0.235,  9.754,  0.824, 4,  -0.242,  2.737, -0.130
244521.53838, 3,  -0.244,  9.740,  0.704, 4,  -0.261,  2.857, -0.148
244521.54278, 3,  -0.158,  9.692,  0.776, 4,  -0.292,  2.949, -0.145
244521.54717, 3,  -0.024,  9.495,  0.742, 4,  -0.305,  3.015, -0.154
244521.55157, 3,  -0.072,  9.562,  0.747, 4,  -0.342,  3.042, -0.165
244521.55596, 3,  -0.211,  9.562,  0.752, 4,  -0.364,  3.040, -0.169
244521.56036, 3,  -0.196,  9.491,  0.541, 4,  -0.396,  3.040, -0.175
244521.56475, 3,  -0.431,  9.515,  0.709, 4,  -0.448,  3.034, -0.163, 5,  14.301,-45.537,  2.007
244521.56911, 3,  -0.388,  9.524,  0.905, 4,  -0.503,  3.022, -0.189
244521.57351, 3,  -0.359,  9.615,  0.972, 4,  -0.564,  3.079, -0.181
244521.57790, 3,  -0.302,  9.620,  1.130, 4,  -0.635,  3.143, -0.192
244521.58230, 3,  -0.326,  9.697,  1.092, 4,  -0.699,  3.242, -0.185
244521.58669, 3,  -0.124,  9.629,  1.178, 4,  -0.752,  3.373, -0.196
244521.59109, 3,  -0.038,  9.625,  1.135, 4,  -0.784,  3.422, -0.192
244521.59548, 3,  -0.034,  9.677,  1.149, 4,  -0.810,  3.481, -0.215
244521.59988, 3,  -0.038,  9.419,  1.355, 4,  -0.842,  3.548, -0.251
244521.60424, 3,  -0.158,  9.242,  1.154, 4,  -0.861,  3.594, -0.299
244521.60863, 3,  -0.201,  9.294,  1.197, 4,  -0.853,  3.606, -0.325
244521.61303, 3,  -0.450,  9.361,  1.077, 4,  -0.856,  3.574, -0.349
244521.61742, 3,  -0.642,  9.510,  1.322, 4,  -0.867,  3.537, -0.348
244521.62182, 3,  -0.632,  9.586,  1.240, 4,  -0.823,  3.470, -0.362
244521.62621, 3,  -0.728,  9.424,  1.398, 4,  -0.833,  3.455, -0.357
244521.63061, 3,  -0.929,  9.404,  1.365, 4,  -0.836,  3.424, -0.343
244521.63500, 3,  -1.001,  9.457,  1.355, 4,  -0.818,  3.381, -0.333
244521.63937, 3,  -1.073,  9.572,  1.499, 4,  -0.816,  3.329, -0.301
244521.64376, 3,  -1.116,  9.452,  1.681, 4,  -0.820,  3.277, -0.309
244521.64816, 3,  -1.173,  9.409,  1.657, 4,  -0.828,  3.210, -0.315
244521.65255, 3,  -1.317,  9.371,  1.839, 4,  -0.806,  3.161, -0.321
244521.65694, 3,  -1.360,  9.352,  1.939, 4,  -0.773,  3.091, -0.287
244521.66134, 3,  -1.480,  9.347,  2.016, 4,  -0.770,  3.064, -0.272
244521.66573, 3,  -1.748,  9.409,  2.160, 4,  -0.739,  3.063, -0.261
244521.67013, 3,  -1.848,  9.194,  2.231, 4,  -0.701,  3.108, -0.248
244521.67449, 3,  -1.891,  9.266,  2.418, 4,  -0.686,  3.197, -0.228
244521.67889, 3,  -1.820,  9.352,  2.318, 4,  -0.658,  3.297, -0.201
244521.68328, 3,  -1.575,  9.414,  2.432, 4,  -0.628,  3.400, -0.151
244521.68768, 3,  -1.614,  9.524,  2.270, 4,  -0.602,  3.499, -0.126
244521.69207, 3,  -1.312,  9.366,  2.088, 4,  -0.583,  3.577, -0.109
244521.69646, 3,  -1.283,  9.443,  2.064, 4,  -0.555,  3.603, -0.088
244521.70086, 3,  -1.173,  9.548,  1.848, 4,  -0.511,  3.580, -0.105
244521.70525, 3,  -1.111,  9.596,  1.748, 4,  -0.499,  3.546, -0.089
244521.70962, 3,  -1.173,  9.538,  1.724, 4,  -0.435,  3.469, -0.128
244521.71401, 3,  -1.355,  9.615,  1.791, 4,  -0.420,  3.367, -0.124
244521.71841, 3,  -1.288,  9.586,  1.944, 4,  -0.388,  3.277, -0.135
244521.72280, 3,  -1.269,  9.773,  1.858, 4,  -0.408,  3.233, -0.111
244521.72720, 3,  -1.317,  9.759,  2.164, 4,  -0.406,  3.180, -0.111
244521.73159, 3,  -1.326,  9.740,  2.006, 4,  -0.405,  3.163, -0.081
244521.73598, 3,  -1.504,  9.596,  1.920, 4,  -0.392,  3.144, -0.082
244521.74038, 3,  -1.633,  9.309,  1.982, 4,  -0.348,  3.108, -0.064
244521.74474, 3,  -1.700,  9.270,  1.867, 4,  -0.332,  3.099, -0.060
244521.74914, 3,  -1.676,  9.505,  1.997, 4,  -0.323,  3.091, -0.046, 5,  12.474,-45.068,  4.192
244521.75353, 3,  -1.628,  9.462,  2.093, 4,  -0.313,  3.103, -0.048
244521.75793, 3,  -1.633,  9.629,  1.963, 4,  -0.338,  3.130, -0.034
244521.76232, 3,  -1.547,  9.711,  2.136, 4,  -0.326,  3.162, -0.011
244521.76672, 3,  -1.537,  9.807,  2.284, 4,  -0.360,  3.196, -0.013
244521.77111, 3,  -1.671,  9.749,  2.466, 4,  -0.389,  3.258, -0.020
244521.77551, 3,  -1.513,  9.864,  2.528, 4,  -0.426,  3.365, -0.059
244521.77987, 3,  -1.441,  9.759,  2.643, 4,  -0.454,  3.515, -0.069
244521.78426, 3,  -1.523,  9.960,  2.672, 4,  -0.465,  3.628, -0.076
244521.78866, 3,  -1.437, 10.156,  2.490, 4,  -0.471,  3.702, -0.081
244521.79305, 3,  -1.240, 10.094,  2.523, 4,  -0.465,  3.718, -0.085
244521.79745, 3,  -1.207, 10.027,  2.356, 4,  -0.445,  3.695, -0.087
244521.80184, 3,  -1.173,  9.888,  2.495, 4,  -0.386,  3.640, -0.086
244521.80624, 3,  -1.245,  9.462,  2.236, 4,  -0.314,  3.580, -0.096
244521.81063, 3,  -1.240,  9.222,  2.054, 4,  -0.205,  3.494, -0.097
244521.81499, 3,  -1.322,  9.448,  2.002, 4,  -0.071,  3.396, -0.117
244521.81939, 3,  -1.508,  9.452,  2.298, 4,   0.046,  3.281, -0.118
244521.82378, 3,  -1.753,  9.620,  2.097, 4,   0.162,  3.127, -0.120
244521.82818, 3,  -1.944,  9.476,  2.083, 4,   0.235,  2.992, -0.108
244521.83257, 3,  -2.049,  9.486,  2.188, 4,   0.317,  2.845, -0.098
244521.83697, 3,  -2.049,  9.519,  2.203, 4,   0.376,  2.788, -0.082
244521.84136, 3,  -2.413,  9.606,  2.231, 4,   0.411,  2.796, -0.072
244521.84576, 3,  -2.385,  9.558,  2.356, 4,   0.404,  2.860, -0.055
244521.85012, 3,  -2.413,  9.524,  2.279, 4,   0.385,  2.972, -0.033
244521.85452, 3,  -2.490,  9.443,  2.112, 4,   0.382,  3.082, -0.027
244521.85891, 3,  -2.543,  9.390,  1.963, 4,   0.394,  3.174, -0.026
244521.86330, 3,  -2.614,  9.409,  1.762, 4,   0.414,  3.235, -0.013
244521.86770, 3,  -2.610,  9.510,  1.753, 4,   0.450,  3.231,  0.002
244521.87209, 3,  -2.715,  9.673,  1.566, 4,   0.499,  3.156, -0.010
244521.87649, 3,  -2.634,  9.639,  1.408, 4,   0.540,  3.048,  0.016
244521.88088, 3,  -2.691,  9.668,  1.053, 4,   0.605,  2.908,  0.033
244521.88525, 3,  -2.638,  9.735,  1.097, 4,   0.688,  2.746,  0.075
244521.88964, 3,  -2.643,  9.802,  1.020, 4,   0.754,  2.595,  0.122
244521.89404, 3,  -2.586,  9.706,  0.900, 4,   0.834,  2.460,  0.143
244521.89843, 3,  -2.342,  9.787,  0.747, 4,   0.912,  2.319,  0.157
244521.90282, 3,  -2.174,  9.936,  0.656, 4,   0.988,  2.226,  0.169
244521.90722, 3,  -1.896,  9.931,  0.426, 4,   1.079,  2.153,  0.180
244521.91161, 3,  -2.049, 10.195,  0.177, 4,   1.139,  2.074,  0.151
244521.91601, 3,  -2.040, 10.266,  0.077, 4,   1.217,  2.008,  0.121
244521.92037, 3,  -2.107, 10.252, -0.158, 4,   1.287,  1.890,  0.062
244521.92477, 3,  -2.284, 10.056, -0.177, 4,   1.320,  1.750,  0.020
244521.92916, 3,  -2.423,  9.811, -0.311, 4,   1.376,  1.636, -0.002
244521.93356, 3,  -2.538,  9.773, -0.263, 4,   1.417,  1.548, -0.053, 5,  10.960,-44.225, 11.847
244521.93795, 3,  -2.720,  9.711, -0.426, 4,   1.437,  1.498, -0.051
244521.94234, 3,  -2.892,  9.610, -0.541, 4,   1.431,  1.439, -0.060
244521.94674, 3,  -3.017,  9.692, -0.527, 4,   1.438,  1.385, -0.033
244521.95113, 3,  -3.194,  9.471, -0.699, 4,   1.435,  1.417, -0.003
244521.95553, 3,  -3.012,  9.558, -0.852, 4,   1.375,  1.374,  0.039
244521.95989, 3,  -3.041,  9.720, -1.097, 4,   1.335,  1.351,  0.086
244521.96429, 3,  -3.098,  9.821, -1.336, 4,   1.331,  1.351,  0.142
244521.96868, 3,  -2.935,  9.878, -1.360, 4,   1.300,  1.300,  0.185
244521.97308, 3,  -2.868,  9.821, -1.686, 4,   1.292,  1.217,  0.208
244521.97747, 3,  -2.725,  9.601, -1.757, 4,   1.250,  1.081,  0.227
244521.98186, 3,  -2.605,  9.500, -1.743, 4,   1.212,  0.978,  0.244
244521.98626, 3,  -2.744,  9.534, -1.925, 4,   1.202,  0.875,  0.238
244521.99065, 3,  -2.538,  9.419, -2.016, 4,   1.185,  0.765,  0.239
244521.99502, 3,  -2.619,  9.261, -2.021, 4,   1.130,  0.689,  0.213
244521.99941, 3,  -2.500,  8.978, -1.815, 4,   1.138,  0.633,  0.222
244522.00381, 3,  -2.442,  9.012, -2.049, 4,   1.074,  0.543,  0.205
244522.00820, 3,  -2.428,  9.021, -2.107, 4,   1.023,  0.472,  0.212
244522.01260, 3,  -2.600,  9.127, -2.140, 4,   0.964,  0.420,  0.242
244522.01699, 3,  -2.658,  9.237, -2.160, 4,   0.877,  0.329,  0.264
244522.02139, 3,  -2.576,  9.170, -2.193, 4,   0.818,  0.246,  0.268
244522.02578, 3,  -2.624,  9.103, -2.035, 4,   0.722,  0.182,  0.293
244522.03014, 3,  -2.485,  9.222, -2.088, 4,   0.613,  0.147,  0.308
244522.03454, 3,  -2.399,  9.333, -2.198, 4,   0.532,  0.145,  0.340
244522.03893, 3,  -2.313,  9.577, -2.251, 4,   0.441,  0.128,  0.354
244522.04333, 3,  -1.939,  9.510, -2.437, 4,   0.380,  0.101,  0.367
244522.04772, 3,  -1.686,  9.471, -2.672, 4,   0.283,  0.063,  0.365
244522.05212, 3,  -1.523,  9.318, -2.562, 4,   0.221, -0.020,  0.343
244522.05651, 3,  -1.374,  9.213, -2.456, 4,   0.160, -0.137,  0.321
244522.06091, 3,  -1.384,  8.806, -2.600, 4,   0.103, -0.215,  0.281
244522.06527, 3,  -1.393,  8.629, -2.404, 4,   0.042, -0.220,  0.236
244522.06966, 3,  -1.518,  8.528, -2.279, 4,  -0.011, -0.168,  0.228
244522.07406, 3,  -1.748,  8.849, -2.241, 4,  -0.076, -0.117,  0.205
244522.07845, 3,  -1.954,  9.256, -2.241, 4,  -0.163, -0.096,  0.147
244522.08285, 3,  -1.973,  9.495, -2.102, 4,  -0.295, -0.097,  0.137
244522.08724, 3,  -2.030,  9.687, -2.131, 4,  -0.420, -0.097,  0.119
244522.09164, 3,  -1.944,  9.711, -2.016, 4,  -0.541, -0.104,  0.141
244522.09603, 3,  -1.824,  9.883, -1.954, 4,  -0.682, -0.105,  0.169
244522.10040, 3,  -1.676,  9.553, -1.978, 4,  -0.809, -0.137,  0.191
244522.10479, 3,  -1.542,  9.357, -1.829, 4,  -0.907, -0.190,  0.198
244522.10918, 3,  -1.159,  9.218, -1.853, 4,  -0.992, -0.284,  0.205
244522.11358, 3,  -0.958,  9.218, -1.757, 4,  -1.052, -0.403,  0.213
244522.11797, 3,  -0.709,  9.313, -1.724, 4,  -1.088, -0.532,  0.197, 5,   5.411,-43.044, 18.199
244522.12237, 3,  -0.560,  9.395, -1.437, 4,  -1.096, -0.640,  0.151
244522.12676, 3,  -0.464,  9.194, -1.446, 4,  -1.084, -0.731,  0.108
244522.13116, 3,  -0.397,  9.060, -1.092, 4,  -1.067, -0.750,  0.072
244522.13552, 3,  -0.508,  9.112, -1.231, 4,  -1.046, -0.755,  0.023
244522.13992, 3,  -0.599,  9.184, -1.015, 4,  -1.007, -0.750, -0.047
244522.14431, 3,  -0.919,  8.988, -0.618, 4,  -0.987, -0.737, -0.133
244522.14870, 3,  -1.192,  8.835, -0.283, 4,  -1.003, -0.650, -0.209
244522.15310, 3,  -1.733,  8.576, -0.129, 4,  -1.018, -0.501, -0.284
244522.15749, 3,  -1.738,  8.389,  0.014, 4,  -1.054, -0.267, -0.346
244522.16189, 3,  -2.265,  8.600,  0.005, 4,  -1.074, -0.056, -0.371
244522.16628, 3,  -2.370,  8.868,  0.000, 4,  -1.081,  0.096, -0.364
244522.17065, 3,  -2.533,  8.753, -0.139, 4,  -1.118,  0.213, -0.345
244522.17504, 3,  -2.591,  8.753, -0.196, 4,  -1.115,  0.202, -0.308
244522.17944, 3,  -2.792,  8.916, -0.393, 4,  -1.103,  0.122, -0.235
244522.18383, 3,  -2.567,  8.581, -0.445, 4,  -1.094,  0.005, -0.163
244522.18822, 3,  -2.686,  8.504, -0.268, 4,  -1.044, -0.173, -0.077
244522.19262, 3,  -2.456,  8.624, -0.292, 4,  -1.012, -0.358, -0.005
244522.19701, 3,  -2.274,  8.887, -0.115, 4,  -0.975, -0.508,  0.091
244522.20141, 3,  -2.064,  9.242,  0.215, 4,  -0.926, -0.639,  0.181
244522.20577, 3,  -1.786,  9.433,  0.316, 4,  -0.873, -0.714,  0.215
244522.21017, 3,  -1.585,  9.644,  0.393, 4,  -0.823, -0.757,  0.225
244522.21456, 3,  -1.451,  9.677,  0.345, 4,  -0.777, -0.806,  0.209
244522.21896, 3,  -1.207,  9.601,  0.522, 4,  -0.729, -0.838,  0.165
244522.22335, 3,  -1.341,  9.404,  0.713, 4,  -0.677, -0.859,  0.095
244522.22775, 3,  -1.331,  9.404,  0.776, 4,  -0.627, -0.836,  0.052
244522.23214, 3,  -1.403,  9.610,  0.728, 4,  -0.598, -0.794, -0.025
244522.23653, 3,  -1.733,  9.701,  0.632, 4,  -0.541, -0.795, -0.091
244522.24090, 3,  -1.954,  9.740,  0.977, 4,  -0.510, -0.767, -0.113
244522.24529, 3,  -2.116,  9.687,  1.111, 4,  -0.503, -0.777, -0.141
244522.24969, 3,  -2.337,  9.572,  0.939, 4,  -0.490, -0.738, -0.151
244522.25408, 3,  -2.389,  9.706,  1.120, 4,  -0.483, -0.697, -0.117
244522.25848, 3,  -2.322,  9.677,  1.015, 4,  -0.464, -0.668, -0.065
244522.26287, 3,  -2.241,  9.907,  0.838, 4,  -0.423, -0.699, -0.035
244522.26727, 3,  -2.207,  9.840,  0.881, 4,  -0.405, -0.789,  0.000
244522.27166, 3,  -1.930,  9.792,  0.781, 4,  -0.361, -0.923,  0.035
244522.27602, 3,  -1.939,  9.754,  0.900, 4,  -0.309, -1.052,  0.053
244522.28042, 3,  -1.805,  9.826,  0.891, 4,  -0.266, -1.206,  0.045
244522.28481, 3,  -1.753, 10.032,  0.972, 4,  -0.220, -1.323,  0.054
244522.28921, 3,  -1.729, 10.228,  1.025, 4,  -0.185, -1.411,  0.047
244522.29360, 3,  -1.786, 10.166,  0.962, 4,  -0.143, -1.468,  0.012
244522.29800, 3,  -1.853, 10.036,  0.986, 4,  -0.102, -1.501,  0.023
244522.30239, 3,  -2.049,  9.783,  0.958, 4,  -0.055, -1.515, -0.015, 5,   8.942,-45.580, 10.263
244522.30679, 3,  -1.901,  9.950,  1.001, 4,  -0.045, -1.537, -0.005
244522.31115, 3,  -2.097, 10.060,  0.828, 4,  -0.024, -1.573, -0.001
244522.31554, 3,  -2.155, 10.324,  0.742, 4,  -0.014, -1.675, -0.013
244522.31994, 3,  -2.222, 10.410,  0.436, 4,  -0.029, -1.810,  0.000
244522.32433, 3,  -2.298, 10.295,  0.661, 4,  -0.033, -2.010,  0.026
244522.32873, 3,  -2.298, 10.228,  0.239, 4,  -0.022, -2.198,  0.067
244522.33312, 3,  -2.097,  9.998,  0.278, 4,   0.004, -2.403,  0.111
244522.33752, 3,  -1.978, 10.056,  0.259, 4,   0.038, -2.610,  0.156
244522.34191, 3,  -2.021,  9.768,  0.211, 4,   0.088, -2.791,  0.176
244522.34628, 3,  -2.016,  9.778,  0.206, 4,   0.110, -2.940,  0.191
244522.35067, 3,  -2.083,  9.811,  0.546, 4,   0.140, -3.075,  0.164
244522.35506, 3,  -2.030, 10.075,  0.565, 4,   0.105, -3.154,  0.161
244522.35946, 3,  -2.025, 10.420,  0.996, 4,   0.006, -3.155,  0.144
244522.36385, 3,  -1.944, 10.702,  1.408, 4,  -0.101, -3.045,  0.124
244522.36825, 3,  -1.767, 10.803,  1.508, 4,  -0.212, -2.862,  0.105
244522.37264, 3,  -1.628, 10.400,  1.460, 4,  -0.310, -2.622,  0.095
244522.37704, 3,  -1.662, 10.099,  1.417, 4,  -0.387, -2.385,  0.067
244522.38140, 3,  -1.460,  9.926,  1.202, 4,  -0.447, -2.171,  0.058
244522.38580, 3,  -1.341,  9.893,  0.977, 4,  -0.463, -2.063, -0.019
244522.39019, 3,  -1.221,  9.946,  0.690, 4,  -0.445, -2.084, -0.056
244522.39458, 3,  -1.216,  9.802,  0.326, 4,  -0.386, -2.234, -0.076
244522.39898, 3,  -1.164,  9.658, -0.034, 4,  -0.317, -2.515, -0.088
244522.40337, 3,  -1.178,  9.663, -0.077, 4,  -0.189, -2.915, -0.081
244522.40777, 3,  -1.130,  9.639, -0.077, 4,  -0.069, -3.380, -0.069
244522.41216, 3,  -1.259,  9.601, -0.091, 4,   0.065, -3.836, -0.034
244522.41653, 3,  -1.403,  9.668,  0.057, 4,   0.167, -4.246, -0.019
244522.42092, 3,  -1.547,  9.510,  0.268, 4,   0.240, -4.553,  0.023
244522.42532, 3,  -1.776,  9.227,  0.575, 4,   0.313, -4.694,  0.036
244522.42971, 3,  -1.901,  9.309,  0.871, 4,   0.291, -4.789,  0.037
244522.43410, 3,  -2.231,  9.620,  1.283, 4,   0.218, -4.662,  0.059
244522.43850, 3,  -2.528,  9.658,  1.465, 4,   0.072, -4.394,  0.054
244522.44289, 3,  -2.586,  9.941,  1.796, 4,  -0.056, -4.038,  0.068
244522.44729, 3,  -2.677,  9.878,  1.848, 4,  -0.266, -3.683,  0.088
244522.45165, 3,  -2.543, 10.027,  1.810, 4,  -0.448, -3.386,  0.097
244522.45605, 3,  -2.370, 10.075,  1.585, 4,  -0.595, -3.260,  0.131
244522.46044, 3,  -2.088, 10.113,  1.604, 4,  -0.687, -3.263,  0.153
244522.46484, 3,  -1.776,  9.749,  1.705, 4,  -0.738, -3.359,  0.175
244522.46923, 3,  -1.346,  9.730,  1.757, 4,  -0.758, -3.440,  0.175
244522.47363, 3,  -1.010,  9.610,  1.810, 4,  -0.726, -3.545,  0.186
244522.47802, 3,  -0.742,  9.653,  1.839, 4,  -0.653, -3.644,  0.174
244522.48241, 3,  -0.340,  9.682,  1.580, 4,  -0.574, -3.787,  0.185
244522.48678, 3,  -0.124,  9.673,  1.561, 4,  -0.470, -3.971,  0.170, 5,  11.632,-45.917,  4.399
244522.49117, 3,  -0.081,  9.601,  1.489, 4,  -0.352, -4.229,  0.133
244522.49557, 3,  -0.034,  9.481,  1.757, 4,  -0.247, -4.478,  0.075
244522.49996, 3,  -0.278,  9.112,  1.906, 4,  -0.135, -4.651,  0.002
244522.50436, 3,  -0.555,  9.017,  2.040, 4,  -0.049, -4.761, -0.103
244522.50875, 3,  -0.910,  8.983,  2.045, 4,   0.049, -4.745, -0.158
244522.51315, 3,  -1.326,  9.079,  2.145, 4,   0.109, -4.634, -0.199
244522.51754, 3,  -1.580,  9.270,  2.270, 4,   0.128, -4.502, -0.189
244522.52190, 3,  -1.757,  9.500,  2.614, 4,   0.091, -4.394, -0.143
244522.52630, 3,  -1.566,  9.644,  2.921, 4,  -0.007, -4.250, -0.115
244522.53069, 3,  -1.264,  9.697,  3.050, 4,  -0.162, -4.075, -0.094
244522.53509, 3,  -0.967,  9.792,  2.930, 4,  -0.276, -3.881, -0.076
244522.53948, 3,  -0.532,  9.764,  3.060, 4,  -0.408, -3.689, -0.081
244522.54388, 3,  -0.206,  9.639,  2.988, 4,  -0.463, -3.575, -0.121
244522.54827, 3,   0.124,  9.663,  3.127, 4,  -0.511, -3.529, -0.176
244522.55267, 3,   0.599,  9.687,  2.921, 4,  -0.503, -3.521, -0.251
244522.55706, 3,   0.713,  9.553,  3.021, 4,  -0.434, -3.527, -0.326
244522.56142, 3,   0.800,  9.270,  2.772, 4,  -0.360, -3.568, -0.397
244522.56582, 3,   0.881,  9.045,  2.437, 4,  -0.232, -3.657, -0.472
244522.57021, 3,   0.699,  8.758,  2.303, 4,  -0.080, -3.873, -0.519
244522.57461, 3,   0.220,  8.638,  2.313, 4,   0.089, -4.139, -0.572
244522.57900, 3,  -0.038,  8.744,  2.380, 4,   0.225, -4.444, -0.607
244522.58340, 3,  -0.441,  9.012,  2.500, 4,   0.330, -4.712, -0.607
244522.58779, 3,  -0.718,  9.280,  2.734, 4,   0.387, -4.924, -0.573
244522.59219, 3,  -0.905,  9.361,  2.892, 4,   0.393, -5.049, -0.496
244522.59655, 3,  -0.905,  9.117,  2.739, 4,   0.413, -5.094, -0.391
244522.60094, 3,  -1.120,  8.758,  2.782, 4,   0.412, -5.079, -0.313
244522.60534, 3,  -1.001,  8.629,  2.978, 4,   0.413, -5.018, -0.242
244522.60973, 3,  -0.785,  8.672,  2.998, 4,   0.391, -4.902, -0.227
244522.61413, 3,  -0.565,  9.165,  3.203, 4,   0.338, -4.711, -0.211
244522.61852, 3,  -0.249,  9.352,  3.247, 4,   0.279, -4.496, -0.244
244522.62292, 3,  -0.144,  9.826,  2.854, 4,   0.252, -4.265, -0.224
244522.62731, 3,   0.081,  9.811,  2.581, 4,   0.234, -4.095, -0.251
244522.63168, 3,  -0.077,  9.361,  2.557, 4,   0.255, -4.013, -0.284
244522.63607, 3,  -0.034,  9.108,  2.174, 4,   0.277, -4.006, -0.327
244522.64046, 3,  -0.124,  8.959,  2.471, 4,   0.284, -4.063, -0.326
244522.64486, 3,  -0.048,  9.270,  2.385, 4,   0.319, -4.163, -0.303
244522.64925, 3,   0.105,  9.419,  2.543, 4,   0.300, -4.231, -0.279
244522.65365, 3,   0.326,  9.448,  2.614, 4,   0.301, -4.230, -0.231
244522.65804, 3,   0.742,  9.414,  2.327, 4,   0.301, -4.197, -0.166
244522.66244, 3,   0.795,  9.452,  2.227, 4,   0.315, -4.150, -0.134
244522.66680, 3,   0.929,  9.548,  2.193, 4,   0.329, -4.155, -0.129
244522.67120, 3,   1.077,  9.467,  1.805, 4,   0.355, -4.204, -0.168, 5,  14.659,-45.917, -5.376
244522.67559, 3,   1.221,  9.433,  1.776, 4,   0.401, -4.295, -0.215
244522.67999, 3,   1.211,  9.457,  1.480, 4,   0.447, -4.386, -0.263
244522.68438, 3,   1.346,  9.553,  1.422, 4,   0.496, -4.482, -0.301
244522.68877, 3,   1.178,  9.534,  1.350, 4,   0.540, -4.552, -0.320
244522.69317, 3,   0.948,  9.543,  1.197, 4,   0.567, -4.622, -0.349
244522.69756, 3,   0.340,  9.419,  1.164, 4,   0.570, -4.691, -0.376
244522.70193, 3,  -0.215,  9.112,  1.422, 4,   0.562, -4.748, -0.415
244522.70632, 3,  -0.709,  8.921,  1.681, 4,   0.497, -4.736, -0.409
244522.71072, 3,  -0.982,  9.050,  2.040, 4,   0.409, -4.641, -0.370
244522.71511, 3,  -1.293,  9.251,  2.121, 4,   0.297, -4.428, -0.268
244522.71951, 3,  -1.422,  9.649,  2.461, 4,   0.181, -4.110, -0.140
244522.72390, 3,  -1.068,  9.697,  2.591, 4,   0.042, -3.751, -0.002
244522.72829, 3,  -0.723,  9.538,  2.461, 4,  -0.084, -3.444,  0.125
244522.73269, 3,  -0.158,  9.553,  2.274, 4,  -0.197, -3.205,  0.214
244522.73705, 3,   0.450,  9.433,  2.006, 4,  -0.273, -3.094,  0.266
244522.74145, 3,   1.097,  9.275,  1.662, 4,  -0.284, -3.137,  0.290
244522.74584, 3,   1.551,  9.380,  1.556, 4,  -0.263, -3.386,  0.272
244522.75024, 3,   1.628,  9.409,  1.638, 4,  -0.226, -3.754,  0.243
244522.75463, 3,   1.757,  9.558,  1.776, 4,  -0.180, -4.179,  0.194
244522.75903, 3,   1.800,  9.567,  2.016, 4,  -0.136, -4.604,  0.130
244522.76342, 3,   1.815,  9.203,  2.409, 4,  -0.096, -4.904,  0.077
244522.76781, 3,   1.532,  9.088,  2.763, 4,  -0.066, -5.054,  0.048
244522.77218, 3,   1.350,  8.926,  2.830, 4,  -0.036, -5.009,  0.038
244522.77657, 3,   1.274,  8.921,  2.830, 4,   0.043, -4.858,  0.039
244522.78097, 3,   1.116,  9.021,  2.691, 4,   0.116, -4.674,  0.050
244522.78536, 3,   0.919,  9.404,  2.466, 4,   0.211, -4.550,  0.089
244522.78976, 3,   0.886,  9.538,  2.437, 4,   0.308, -4.474,  0.120
244522.79415, 3,   1.039,  9.462,  2.485, 4,   0.403, -4.388,  0.109
244522.79855, 3,   1.116,  9.385,  2.399, 4,   0.489, -4.345,  0.087
244522.80294, 3,   1.288,  9.424,  2.342, 4,   0.587, -4.287,  0.049
244522.80730, 3,   1.408,  9.424,  2.279, 4,   0.644, -4.233,  0.051
244522.81170, 3,   1.580,  9.534,  2.241, 4,   0.696, -4.215,  0.046
244522.81609, 3,   1.738,  9.567,  2.102, 4,   0.732, -4.213,  0.031
244522.82049, 3,   1.958,  9.558,  2.365, 4,   0.758, -4.215,  0.010
244522.82488, 3,   2.342,  9.558,  2.289, 4,   0.770, -4.177, -0.015
244522.82928, 3,   2.619,  9.486,  2.251, 4,   0.742, -4.096, -0.046
244522.83367, 3,   2.954,  9.457,  2.011, 4,   0.732, -4.010, -0.070
244522.83807, 3,   3.208,  9.481,  1.968, 4,   0.746, -3.986, -0.098
244522.84243, 3,   3.400,  9.457,  1.796, 4,   0.739, -3.988, -0.147
244522.84682, 3,   3.558,  9.562,  1.532, 4,   0.727, -4.106, -0.217
244522.85122, 3,   3.505,  9.543,  1.805, 4,   0.715, -4.271, -0.280
244522.85561, 3,   3.333,  9.615,  1.719, 4,   0.698, -4.470, -0.379, 5,   8.116,-44.443,-12.308
244522.86001, 3,   2.930,  9.424,  1.844, 4,   0.678, -4.663, -0.448
244522.86440, 3,   2.466,  9.567,  1.776, 4,   0.656, -4.881, -0.512
244522.86880, 3,   1.963,  9.764,  1.729, 4,   0.642, -5.161, -0.526
244522.87319, 3,   1.537,  9.773,  2.121, 4,   0.657, -5.412, -0.518
244522.87756, 3,   0.986,  9.759,  2.442, 4,   0.688, -5.582, -0.487
244522.88195, 3,   0.603,  9.577,  2.442, 4,   0.736, -5.550, -0.448
244522.88634, 3,   0.345,  9.481,  2.356, 4,   0.822, -5.399, -0.373
244522.89074, 3,   0.345,  9.376,  2.107, 4,   0.967, -5.179, -0.287
244522.89513, 3,   0.431,  9.275,  1.796, 4,   1.145, -4.993, -0.206
244522.89953, 3,   0.824,  9.131,  1.235, 4,   1.305, -4.843, -0.108
244522.90392, 3,   0.828,  8.926,  0.828, 4,   1.500, -4.749, -0.020
244522.90832, 3,   1.269,  9.266,  0.685, 4,   1.693, -4.713,  0.036
244522.91268, 3,   1.504, 10.027,  0.733, 4,   1.793, -4.692,  0.058
244522.91708, 3,   1.676, 10.611,  0.532, 4,   1.833, -4.636,  0.012
244522.92147, 3,   1.791, 10.846,  0.666, 4,   1.851, -4.526, -0.031
244522.92587, 3,   1.786, 10.961,  0.579, 4,   1.805, -4.369, -0.107
244522.93026, 3,   1.963, 10.649,  0.297, 4,   1.724, -4.108, -0.174
244522.93465, 3,   1.968, 10.501,  0.144, 4,   1.644, -3.870, -0.236
244522.93905, 3,   2.083, 10.084, -0.172, 4,   1.511, -3.692, -0.262
244522.94344, 3,   1.987, 10.003, -0.603, 4,   1.454, -3.584, -0.282
244522.94781, 3,   2.073,  9.926, -0.637, 4,   1.358, -3.515, -0.330
244522.95220, 3,   2.198, 10.070, -0.704, 4,   1.284, -3.443, -0.338
244522.95660, 3,   2.035, 10.080, -0.828, 4,   1.172, -3.311, -0.404
244522.96099, 3,   1.978,  9.677, -0.876, 4,   1.106, -3.152, -0.445
244522.96539, 3,   1.705,  9.318, -0.895, 4,   1.035, -2.973, -0.532
244522.96978, 3,   1.288,  9.060, -0.972, 4,   0.982, -2.792, -0.606
244522.97417, 3,   0.905,  9.347, -0.972, 4,   0.926, -2.588, -0.679
244522.97857, 3,   0.508,  9.572, -1.006, 4,   0.881, -2.371, -0.773
244522.98293, 3,   0.086,  9.898, -1.049, 4,   0.827, -2.087, -0.763
244522.98733, 3,  -0.316,  9.864, -1.245, 4,   0.772, -1.839, -0.733
244522.99172, 3,  -0.397,  9.816, -1.513, 4,   0.727, -1.605, -0.676
244522.99612, 3,  -0.508,  9.874, -1.815, 4,   0.659, -1.420, -0.595
244523.00051, 3,  -0.599,  9.773, -2.193, 4,   0.636, -1.325, -0.510
244523.00491, 3,  -0.594,  9.811, -2.284, 4,   0.610, -1.390, -0.453
244523.00930, 3,  -0.474,  9.969, -2.399, 4,   0.578, -1.524, -0.379
244523.01369, 3,  -0.407, 10.084, -2.346, 4,   0.522, -1.704, -0.342
244523.01806, 3,  -0.244, 10.218, -2.337, 4,   0.483, -1.810, -0.322
244523.02245, 3,  -0.393, 10.118, -2.040, 4,   0.436, -1.852, -0.282
244523.02685, 3,  -0.354,  9.989, -1.772, 4,   0.352, -1.763, -0.287
244523.03124, 3,  -0.273,  9.764, -1.470, 4,   0.255, -1.577, -0.288
244523.03564, 3,  -0.283,  9.548, -1.642, 4,   0.136, -1.264, -0.278
244523.04003, 3,  -0.249,  9.347, -1.877, 4,   0.059, -0.933, -0.235, 5,   2.567,-46.637, -7.584
244523.04443, 3,  -0.101,  9.222, -2.174, 4,   0.015, -0.692, -0.198
244523.04882, 3,   0.014,  9.409, -2.409, 4,  -0.047, -0.605, -0.174
244523.05318, 3,   0.105,  9.649, -2.361, 4,  -0.111, -0.660, -0.147
244523.05758, 3,   0.297,  9.850, -2.327, 4,  -0.159, -0.744, -0.162
244523.06197, 3,   0.393,  9.878, -2.064, 4,  -0.228, -0.796, -0.163
244523.06637, 3,   0.517,  9.816, -1.915, 4,  -0.306, -0.758, -0.186
244523.07076, 3,   0.431,  9.759, -1.642, 4,  -0.356, -0.670, -0.193
244523.07516, 3,   0.354,  9.625, -1.824, 4,  -0.399, -0.555, -0.203
244523.07955, 3,   0.292,  9.232, -1.954, 4,  -0.453, -0.439, -0.218
244523.08395, 3,   0.378,  9.045, -2.006, 4,  -0.483, -0.320, -0.227
244523.08831, 3,   0.326,  9.060, -1.992, 4,  -0.473, -0.244, -0.255
244523.09270, 3,   0.321,  9.266, -2.025, 4,  -0.487, -0.167, -0.247
244523.09710, 3,   0.369,  9.610, -1.891, 4,  -0.486, -0.100, -0.252
244523.10149, 3,   0.460,  9.529, -1.867, 4,  -0.478, -0.077, -0.281
244523.10589, 3,   0.249,  9.644, -1.848, 4,  -0.501, -0.042, -0.278
244523.11028, 3,   0.287,  9.764, -1.872, 4,  -0.552,  0.003, -0.314
244523.11468, 3,   0.043,  9.759, -1.590, 4,  -0.592,  0.004, -0.319
244523.11907, 3,  -0.043, 10.017, -1.681, 4,  -0.659,  0.012, -0.326
244523.12344, 3,  -0.048, 10.041, -1.508, 4,  -0.722,  0.021, -0.320
244523.12783, 3,  -0.014, 10.036, -1.489, 4,  -0.747,  0.007, -0.275
244523.13222, 3,   0.048,  9.644, -1.470, 4,  -0.760, -0.026, -0.250
244523.13662, 3,   0.067,  9.155, -1.609, 4,  -0.745, -0.100, -0.196
244523.14101, 3,  -0.043,  8.964, -1.293, 4,  -0.696, -0.190, -0.143
244523.14541, 3,   0.187,  9.103, -1.092, 4,  -0.625, -0.281, -0.124
244523.14980, 3,   0.196,  9.361, -1.044, 4,  -0.577, -0.268, -0.094
244523.15420, 3,   0.393,  9.433, -0.953, 4,  -0.523, -0.194, -0.105
244523.15859, 3,   0.364,  9.491, -0.742, 4,  -0.469, -0.150, -0.105
244523.16296, 3,   0.326,  9.610, -0.843, 4,  -0.452, -0.141, -0.095
244523.16735, 3,   0.378,  9.735, -0.929, 4,  -0.429, -0.185, -0.111
244523.17175, 3,   0.536,  9.883, -0.709, 4,  -0.434, -0.211, -0.098
244523.17614, 3,   0.273,  9.677, -0.560, 4,  -0.420, -0.224, -0.101
244523.18053, 3,   0.101,  9.567, -0.436, 4,  -0.409, -0.194, -0.084
244523.18493, 3,  -0.062,  9.606, -0.359, 4,  -0.408, -0.091, -0.093
244523.18932, 3,  -0.110,  9.792, -0.450, 4,  -0.383,  0.020, -0.079
244523.19372, 3,  -0.259, 10.041, -0.445, 4,  -0.341,  0.136, -0.053
244523.19808, 3,  -0.302, 10.185, -0.646, 4,  -0.343,  0.231, -0.044
244523.20248, 3,  -0.354,  9.840, -0.622, 4,  -0.289,  0.258, -0.028
244523.20687, 3,  -0.254,  9.759, -0.512, 4,  -0.289,  0.255, -0.020
244523.21127, 3,  -0.249,  9.515, -0.431, 4,  -0.274,  0.248, -0.013
244523.21566, 3,  -0.129,  9.582, -0.498, 4,  -0.271,  0.239,  0.021
244523.22005, 3,  -0.201,  9.701, -0.469, 4,  -0.266,  0.191,  0.083
244523.22445, 3,  -0.005,  9.711, -0.479, 4,  -0.231,  0.159,  0.109, 5,   5.101,-46.780,-10.999
244523.22884, 3,   0.091,  9.864, -0.383, 4,  -0.238,  0.129,  0.179
244523.23321, 3,   0.244,  9.783, -0.330, 4,  -0.206,  0.088,  0.179
244523.23760, 3,   0.426,  9.716, -0.326, 4,  -0.177,  0.058,  0.192
244523.24200, 3,   0.622,  9.845, -0.283, 4,  -0.110,  0.092,  0.166
244523.24639, 3,   0.881,  9.835, -0.441, 4,  -0.086,  0.132,  0.168
244523.25079, 3,   1.010,  9.888, -0.536, 4,  -0.061,  0.118,  0.152
244523.25518, 3,   1.101,  9.874, -0.354, 4,  -0.013,  0.062,  0.138
244523.25957, 3,   1.111,  9.869, -0.441, 4,  -0.009, -0.016,  0.114
244523.26397, 3,   1.120,  9.965, -0.292, 4,   0.023, -0.060,  0.067
244523.26833, 3,   1.092, 10.171, -0.124, 4,   0.023, -0.028,  0.054
244523.27273, 3,   1.073, 10.266, -0.235, 4,   0.050,  0.016,  0.020
244523.27712, 3,   0.924, 10.127, -0.139, 4,   0.062,  0.067, -0.031
244523.28152, 3,   0.690, 10.113, -0.091, 4,   0.091,  0.144, -0.046
244523.28591, 3,   0.560, 10.065,  0.024, 4,   0.084,  0.231, -0.067
244523.29031, 3,   0.464, 10.171, -0.235, 4,   0.087,  0.307, -0.084
244523.29470, 3,   0.101, 10.142, -0.172, 4,   0.095,  0.364, -0.071
244523.29910, 3,   0.187, 10.410, -0.220, 4,   0.103,  0.381, -0.059
244523.30346, 3,   0.120, 10.300, -0.124, 4,   0.119,  0.423, -0.046
244523.30785, 3,   0.081, 10.501,  0.115, 4,   0.087,  0.489, -0.046
244523.31225, 3,   0.134, 10.453,  0.326, 4,   0.067,  0.621, -0.059
244523.31664, 3,   0.120, 10.324,  0.302, 4,   0.030,  0.815, -0.043
244523.32104, 3,   0.196, 10.118,  0.196, 4,   0.025,  1.002, -0.065
244523.32543, 3,   0.163, 10.276, -0.057, 4,  -0.007,  1.139, -0.050
244523.32983, 3,   0.345, 10.003, -0.383, 4,   0.014,  1.223, -0.020
244523.33422, 3,   0.369,  9.668, -0.522, 4,   0.081,  1.197, -0.009
244523.33858, 3,   0.637,  9.601, -0.455, 4,   0.138,  1.116,  0.021
244523.34298, 3,   0.804,  9.333, -0.541, 4,   0.230,  1.044,  0.019
244523.34737, 3,   0.795,  9.452, -0.781, 4,   0.327,  0.993,  0.028
244523.35177, 3,   0.814,  9.438, -0.579, 4,   0.411,  1.012,  0.007
244523.35616, 3,   0.862,  9.730, -0.335, 4,   0.457,  1.128, -0.035
244523.36056, 3,   0.867,  9.807, -0.517, 4,   0.473,  1.377, -0.063
244523.36495, 3,   0.680,  9.811, -0.651, 4,   0.499,  1.678, -0.138
244523.36935, 3,   0.584,  9.816, -0.800, 4,   0.503,  1.993, -0.150
244523.37371, 3,   0.388, 10.080, -1.053, 4,   0.476,  2.266, -0.192
244523.37811, 3,   0.335, 10.051, -1.111, 4,   0.464,  2.498, -0.217
244523.38250, 3,   0.330, 10.209, -1.298, 4,   0.404,  2.675, -0.225
244523.38689, 3,   0.335, 10.558, -1.312, 4,   0.337,  2.824, -0.229
244523.39129, 3,   0.192, 10.635, -1.537, 4,   0.260,  2.919, -0.227
244523.39568, 3,   0.105, 10.630, -1.365, 4,   0.157,  2.959, -0.227
244523.40008, 3,   0.043, 10.951, -1.279, 4,   0.053,  3.021, -0.216
244523.40447, 3,   0.096, 10.697, -1.350, 4,  -0.095,  3.067, -0.222
244523.40884, 3,   0.201, 10.443, -1.427, 4,  -0.213,  3.167, -0.219, 5,   5.101,-45.769, -8.717
244523.41323, 3,   0.345, 10.156, -1.408, 4,  -0.318,  3.267, -0.214
244523.41763, 3,   0.450,  9.922, -1.638, 4,  -0.392,  3.294, -0.176
244523.42202, 3,   0.881,  9.768, -1.709, 4,  -0.437,  3.266, -0.172
244523.42641, 3,   1.029,  9.668, -1.724, 4,  -0.455,  3.165, -0.163
244523.43081, 3,   1.269,  9.629, -1.800, 4,  -0.472,  3.013, -0.154
244523.43520, 3,   1.389,  9.682, -1.595, 4,  -0.510,  2.844, -0.148
244523.43960, 3,   1.374,  9.706, -1.571, 4,  -0.549,  2.659, -0.163
244523.44396, 3,   1.393, 10.065, -1.403, 4,  -0.628,  2.513, -0.165
244523.44836, 3,   1.140, 10.396, -1.288, 4,  -0.726,  2.364, -0.183
244523.45275, 3,   1.001, 10.515, -1.053, 4,  -0.816,  2.233, -0.199
244523.45715, 3,   0.656, 10.491, -0.857, 4,  -0.925,  2.196, -0.228
244523.46154, 3,   0.273, 10.324, -0.498, 4,  -0.993,  2.230, -0.241
244523.46593, 3,  -0.249, 10.238, -0.589, 4,  -1.079,  2.330, -0.265
244523.47033, 3,  -0.565,  9.960, -0.455, 4,  -1.122,  2.476, -0.232
244523.47472, 3,  -0.747,  9.835, -0.172, 4,  -1.155,  2.621, -0.184
244523.47909, 3,  -0.819,  9.864, -0.187, 4,  -1.159,  2.797, -0.138
244523.48348, 3,  -0.666,  9.787, -0.464, 4,  -1.152,  2.959, -0.076
244523.48788, 3,  -0.235,  9.883, -0.551, 4,  -1.134,  3.096,  0.006
244523.49227, 3,  -0.158,  9.840, -0.512, 4,  -1.078,  3.149,  0.046
244523.49667, 3,   0.158,  9.840, -0.488, 4,  -1.059,  3.145,  0.072
244523.50106, 3,   0.603,  9.778, -0.484, 4,  -1.028,  3.091,  0.054
244523.50545, 3,   0.814,  9.697, -0.402, 4,  -1.039,  3.079,  0.024
244523.50985, 3,   1.010,  9.591, -0.048, 4,  -1.061,  3.111, -0.009
244523.51421, 3,   1.235,  9.811, -0.077, 4,  -1.092,  3.140, -0.060
244523.51861, 3,   1.144, 10.142, -0.239, 4,  -1.140,  3.212, -0.095
244523.52300, 3,   0.986, 10.171, -0.048, 4,  -1.186,  3.161, -0.119
244523.52740, 3,   0.814,  9.993, -0.086, 4,  -1.246,  3.068, -0.170
244523.53179, 3,   0.311,  9.850,  0.182, 4,  -1.315,  2.902, -0.215
244523.53619, 3,  -0.019,  9.601,  0.072, 4,  -1.366,  2.788, -0.209
244523.54058, 3,  -0.110,  9.577,  0.330, 4,  -1.399,  2.700, -0.201
244523.54498, 3,  -0.311,  9.519,  0.474, 4,  -1.411,  2.585, -0.146
244523.54934, 3,  -0.393,  9.481,  0.536, 4,  -1.407,  2.468, -0.062
244523.55373, 3,  -0.441,  9.606,  1.173, 4,  -1.387,  2.374,  0.011
244523.55813, 3,  -0.335,  9.553,  1.389, 4,  -1.352,  2.347,  0.050
244523.56252, 3,  -0.105,  9.505,  1.504, 4,  -1.320,  2.456,  0.080
244523.56692, 3,  -0.077,  9.625,  1.786, 4,  -1.267,  2.624,  0.107
244523.57131, 3,   0.192,  9.787,  1.925, 4,  -1.234,  2.835,  0.107
244523.57571, 3,   0.172,  9.821,  1.997, 4,  -1.199,  3.037,  0.114
244523.58010, 3,   0.330,  9.649,  1.800, 4,  -1.120,  3.219,  0.109
244523.58446, 3,   0.651,  9.543,  1.527, 4,  -1.039,  3.372,  0.072
244523.58886, 3,   0.910,  9.380,  1.235, 4,  -0.929,  3.374,  0.058
244523.59325, 3,   1.092,  9.313,  0.929, 4,  -0.800,  3.211,  0.042, 5,  12.668,-43.575,-12.790
244523.59765, 3,   1.312,  9.390,  0.814, 4,  -0.687,  2.909,  0.035
244523.60204, 3,   1.379,  9.251,  1.044, 4,  -0.602,  2.559, -0.018
244523.60644, 3,   1.427,  9.323,  1.245, 4,  -0.533,  2.303, -0.083
244523.61083, 3,   1.312,  9.385,  1.413, 4,  -0.499,  2.161, -0.125
244523.61523, 3,   0.943,  9.692,  1.853, 4,  -0.521,  2.104, -0.192
244523.61959, 3,   0.685, 10.008,  1.781, 4,  -0.545,  2.062, -0.226
244523.62399, 3,   0.330, 10.065,  1.738, 4,  -0.567,  2.038, -0.250
244523.62838, 3,  -0.077,  9.845,  1.805, 4,  -0.592,  2.017, -0.250
244523.63277, 3,  -0.555,  9.749,  1.915, 4,  -0.581,  2.011, -0.201
244523.63717, 3,  -0.622,  9.567,  1.599, 4,  -0.555,  2.026, -0.170
244523.64156, 3,  -0.943,  9.558,  1.671, 4,  -0.491,  2.034, -0.117
244523.64596, 3,  -0.948,  9.577,  1.714, 4,  -0.420,  1.994, -0.038
244523.65035, 3,  -0.852,  9.629,  1.815, 4,  -0.360,  1.968, -0.010
244523.65472, 3,  -0.694,  9.816,  1.738, 4,  -0.320,  2.005,  0.054
244523.65911, 3,  -0.350,  9.950,  1.829, 4,  -0.268,  2.050,  0.082
244523.66351, 3,  -0.144,  9.888,  1.853, 4,  -0.247,  2.109,  0.097
244523.66790, 3,   0.086,  9.764,  1.700, 4,  -0.236,  2.168,  0.089
244523.67229, 3,   0.182,  9.711,  1.623, 4,  -0.217,  2.245,  0.071
244523.67669, 3,   0.268,  9.629,  1.441, 4,  -0.198,  2.313,  0.045
244523.68108, 3,   0.249,  9.562,  1.527, 4,  -0.168,  2.290,  0.024
244523.68548, 3,   0.005,  9.601,  1.417, 4,  -0.166,  2.249, -0.026
244523.68984, 3,  -0.373,  9.515,  1.547, 4,  -0.179,  2.214, -0.044
244523.69424, 3,  -0.622,  9.615,  1.312, 4,  -0.220,  2.226, -0.070
244523.69863, 3,  -0.718,  9.620,  1.527, 4,  -0.252,  2.276, -0.053
244523.70303, 3,  -0.910,  9.773,  1.460, 4,  -0.272,  2.313, -0.029
244523.70742, 3,  -0.795,  9.926,  1.211, 4,  -0.283,  2.304,  0.012
244523.71181, 3,  -0.757,  9.811,  1.264, 4,  -0.292,  2.253,  0.064
244523.71621, 3,  -0.622,  9.682,  1.178, 4,  -0.311,  2.183,  0.079
244523.72060, 3,  -0.450,  9.625,  1.259, 4,  -0.328,  2.095,  0.120
244523.72497, 3,  -0.369,  9.586,  1.322, 4,  -0.350,  1.997,  0.121
244523.72936, 3,  -0.163,  9.687,  1.504, 4,  -0.343,  1.951,  0.128
244523.73376, 3,  -0.091,  9.448,  1.518, 4,  -0.363,  1.883,  0.121
244523.73815, 3,  -0.172,  9.409,  1.537, 4,  -0.360,  1.827,  0.085
244523.74255, 3,  -0.369,  9.404,  1.609, 4,  -0.382,  1.783,  0.063
244523.74694, 3,  -0.383,  9.424,  1.700, 4,  -0.407,  1.770,  0.059
244523.75134, 3,  -0.551,  9.629,  2.011, 4,  -0.422,  1.734,  0.069
244523.75573, 3,  -0.790,  9.615,  2.083, 4,  -0.450,  1.733,  0.076
244523.76009, 3,  -0.843,  9.720,  2.270, 4,  -0.479,  1.778,  0.067
244523.76449, 3,  -0.910,  9.831,  2.456, 4,  -0.516,  1.879,  0.093
244523.76888, 3,  -0.977,  9.625,  2.337, 4,  -0.520,  2.025,  0.100
244523.77328, 3,  -0.848,  9.519,  2.265, 4,  -0.501,  2.127,  0.108
244523.77767, 3,  -0.733,  9.361,  2.030, 4,  -0.441,  2.160,  0.122, 5,  15.355,-43.253,-10.832
244523.78207, 3,  -0.340,  9.318,  1.872, 4,  -0.364,  2.160,  0.156
244523.78646, 3,  -0.086,  9.151,  1.767, 4,  -0.306,  2.105,  0.170
244523.79086, 3,   0.101,  9.251,  1.609, 4,  -0.248,  2.033,  0.145
244523.79525, 3,   0.412,  9.280,  1.781, 4,  -0.218,  1.938,  0.117
244523.79961, 3,   0.469,  9.285,  1.863, 4,  -0.209,  1.843,  0.081
244523.80401, 3,   0.541,  9.414,  1.719, 4,  -0.224,  1.705,  0.050
244523.80840, 3,   0.407,  9.481,  1.738, 4,  -0.281,  1.552,  0.021
244523.81280, 3,   0.110,  9.524,  1.872, 4,  -0.314,  1.400, -0.039
244523.81719, 3,  -0.426,  9.452,  1.939, 4,  -0.345,  1.243, -0.065
244523.82159, 3,  -0.747,  9.543,  2.045, 4,  -0.365,  1.126, -0.087
244523.82598, 3,  -1.077,  9.582,  2.207, 4,  -0.402,  1.092, -0.084
244523.83038, 3,  -1.312,  9.380,  2.308, 4,  -0.401,  1.097, -0.030
244523.83474, 3,  -1.599,  9.232,  2.500, 4,  -0.411,  1.123,  0.018
244523.83913, 3,  -1.666,  9.270,  2.523, 4,  -0.407,  1.152,  0.058
244523.84353, 3,  -1.848,  9.371,  2.523, 4,  -0.408,  1.181,  0.097
244523.84792, 3,  -1.662,  9.448,  2.816, 4,  -0.397,  1.253,  0.162
244523.85232, 3,  -1.475,  9.510,  2.816, 4,  -0.382,  1.355,  0.209
244523.85671, 3,  -1.259,  9.543,  2.624, 4,  -0.353,  1.448,  0.260
244523.86111, 3,  -0.886,  9.414,  2.658, 4,  -0.314,  1.484,  0.297
244523.86550, 3,  -0.503,  9.318,  2.447, 4,  -0.289,  1.425,  0.322
244523.86987, 3,   0.005,  9.270,  2.365, 4,  -0.212,  1.311,  0.336
244523.87426, 3,   0.345,  9.141,  2.140, 4,  -0.170,  1.155,  0.290
244523.87865, 3,   0.421,  9.136,  2.246, 4,  -0.117,  0.946,  0.261
244523.88305, 3,   0.575,  9.060,  2.112, 4,  -0.069,  0.747,  0.210
244523.88744, 3,   0.709,  8.988,  2.025, 4,  -0.018,  0.492,  0.168
244523.89184, 3,   0.694,  9.357,  2.174, 4,  -0.005,  0.230,  0.135
244523.89623, 3,   0.503,  9.366,  2.116, 4,   0.019,  0.002,  0.092
244523.90063, 3,   0.345,  9.270,  2.241, 4,   0.036, -0.177,  0.062
244523.90499, 3,   0.014,  9.280,  2.480, 4,   0.054, -0.257,  0.039
244523.90939, 3,  -0.168,  9.141,  2.552, 4,   0.048, -0.248, -0.005
244523.91378, 3,  -0.455,  9.222,  2.614, 4,   0.044, -0.159, -0.028
244523.91817, 3,  -0.733,  9.462,  2.543, 4,   0.060, -0.042, -0.037
244523.92257, 3,  -0.934,  9.582,  2.509, 4,   0.058,  0.105, -0.025
244523.92696, 3,  -1.197,  9.515,  2.461, 4,   0.059,  0.182, -0.012
244523.93136, 3,  -1.111,  9.400,  2.318, 4,   0.052,  0.242,  0.037
244523.93575, 3,  -1.211,  9.318,  2.136, 4,   0.060,  0.239,  0.113
244523.94012, 3,  -1.039,  9.323,  2.188, 4,   0.071,  0.183,  0.149
244523.94451, 3,  -0.800,  9.352,  2.112, 4,   0.077,  0.100,  0.179
244523.94891, 3,  -0.560,  9.524,  2.231, 4,   0.070, -0.013,  0.205
244523.95330, 3,  -0.321,  9.471,  2.078, 4,   0.061, -0.080,  0.220
244523.95769, 3,  -0.086,  9.462,  2.241, 4,   0.061, -0.128,  0.238
244523.96209, 3,   0.029,  9.309,  2.145, 4,   0.081, -0.186,  0.230, 5,  16.196,-43.420, -8.714
244523.96648, 3,   0.101,  9.352,  2.064, 4,   0.092, -0.248,  0.225
244523.97088, 3,   0.124,  9.380,  2.059, 4,   0.116, -0.295,  0.214
244523.97524, 3,   0.148,  9.323,  2.121, 4,   0.138, -0.339,  0.189
244523.97964, 3,   0.201,  9.414,  2.169, 4,   0.145, -0.363,  0.154
244523.98403, 3,   0.124,  9.433,  2.289, 4,   0.127, -0.348,  0.120
244523.98843, 3,  -0.057,  9.577,  2.236, 4,   0.087, -0.290,  0.098
244523.99282, 3,  -0.263,  9.606,  2.294, 4,   0.055, -0.196,  0.070
244523.99722, 3,  -0.345,  9.673,  2.078, 4,   0.052, -0.059,  0.066
244524.00161, 3,  -0.508,  9.720,  2.145, 4,   0.023,  0.058,  0.062
244524.00600, 3,  -0.618,  9.601,  2.049, 4,   0.034,  0.151,  0.070
244524.01037, 3,  -0.455,  9.572,  2.002, 4,   0.047,  0.197,  0.083
244524.01476, 3,  -0.407,  9.697,  1.891, 4,   0.044,  0.209,  0.097
244524.01916, 3,  -0.393,  9.639,  1.662, 4,   0.030,  0.228,  0.115
244524.02355, 3,  -0.316,  9.582,  1.911, 4,   0.043,  0.190,  0.117
244524.02795, 3,  -0.211,  9.668,  1.781, 4,   0.029,  0.132,  0.124
244524.03234, 3,  -0.206,  9.773,  1.887, 4,   0.006,  0.089,  0.126
244524.03674, 3,  -0.148,  9.735,  1.844, 4,   0.004,  0.051,  0.126
244524.04113, 3,  -0.101,  9.697,  1.820, 4,  -0.034,  0.040,  0.118
244524.04549, 3,  -0.134,  9.850,  1.820, 4,  -0.023,  0.059,  0.115
244524.04989, 3,  -0.244,  9.792,  1.858, 4,  -0.052,  0.067,  0.103
244524.05428, 3,  -0.215,  9.716,  2.088, 4,  -0.071,  0.081,  0.108
244524.05868, 3,  -0.263,  9.802,  1.882, 4,  -0.091,  0.105,  0.067
244524.06307, 3,  -0.340,  9.706,  1.911, 4,  -0.109,  0.144,  0.061
244524.06747, 3,  -0.383,  9.826,  1.848, 4,  -0.118,  0.177,  0.073
244524.07186, 3,  -0.350,  9.845,  1.872, 4,  -0.137,  0.202,  0.065
244524.07626, 3,  -0.426,  9.926,  1.978, 4,  -0.130,  0.218,  0.080
244524.08062, 3,  -0.326,  9.931,  1.891, 4,  -0.133,  0.205,  0.062
244524.08501, 3,  -0.259,  9.878,  1.863, 4,  -0.118,  0.195,  0.068
244524.08941, 3,  -0.350,  9.922,  2.011, 4,  -0.131,  0.214,  0.072
244524.09380, 3,  -0.225,  9.816,  1.987, 4,  -0.092,  0.258,  0.059
244524.09820, 3,  -0.192,  9.840,  1.944, 4,  -0.108,  0.288,  0.069
244524.10259, 3,  -0.134,  9.816,  1.877, 4,  -0.075,  0.300,  0.054
244524.10699, 3,  -0.019,  9.878,  2.002, 4,  -0.082,  0.306,  0.052
244524.11138, 3,   0.038,  9.792,  1.949, 4,  -0.059,  0.299,  0.040
244524.11575, 3,  -0.062,  9.644,  1.815, 4,  -0.083,  0.262,  0.027
244524.12014, 3,  -0.024,  9.754,  1.935, 4,  -0.082,  0.196, -0.009
244524.12453, 3,  -0.019,  9.740,  2.097, 4,  -0.097,  0.148, -0.011
244524.12893, 3,  -0.144,  9.740,  2.040, 4,  -0.121,  0.151, -0.031
244524.13332, 3,  -0.158,  9.797,  2.069, 4,  -0.156,  0.135, -0.040
244524.13772, 3,  -0.235,  9.701,  2.251, 4,  -0.184,  0.167, -0.036
244524.14211, 3,  -0.369,  9.668,  2.217, 4,  -0.161,  0.209, -0.044
244524.14651, 3,  -0.546,  9.529,  2.260, 4,  -0.194,  0.257, -0.026, 5,  16.364,-43.590, -7.574
244524.15087, 3,  -0.508,  9.596,  2.423, 4,  -0.168,  0.295, -0.044
244524.15527, 3,  -0.388,  9.653,  2.203, 4,  -0.162,  0.332, -0.047
244524.15966, 3,  -0.436,  9.562,  2.246, 4,  -0.156,  0.342, -0.032
244524.16405, 3,  -0.441,  9.538,  2.265, 4,  -0.121,  0.354, -0.017
244524.16845, 3,  -0.488,  9.457,  2.303, 4,  -0.124,  0.325, -0.009
244524.17284, 3,  -0.397,  9.390,  2.231, 4,  -0.115,  0.280,  0.017
244524.17724, 3,  -0.321,  9.524,  2.102, 4,  -0.109,  0.227,  0.032
244524.18163, 3,  -0.350,  9.725,  2.265, 4,  -0.125,  0.191,  0.039
244524.18600, 3,  -0.273,  9.572,  2.284, 4,  -0.105,  0.150,  0.051
244524.19039, 3,  -0.287,  9.625,  2.452, 4,  -0.128,  0.157,  0.048
244524.19479, 3,  -0.187,  9.577,  2.337, 4,  -0.137,  0.150,  0.046
244524.19918, 3,  -0.192,  9.577,  2.289, 4,  -0.134,  0.162,  0.032
244524.20358, 3,  -0.235,  9.471,  2.255, 4,  -0.134,  0.165,  0.028
244524.20797, 3,  -0.364,  9.428,  2.107, 4,  -0.112,  0.100,  0.037
244524.21236, 3,  -0.373,  9.471,  2.088, 4,  -0.078,  0.076,  0.028
244524.21676, 3,  -0.321,  9.476,  2.279, 4,  -0.040,  0.002,  0.051
244524.22112, 3,  -0.436,  9.352,  2.274, 4,  -0.012, -0.037,  0.032
244524.22552, 3,  -0.488,  9.376,  2.346, 4,  -0.022, -0.085,  0.055
244524.22991, 3,  -0.283,  9.567,  2.389, 4,   0.010, -0.091,  0.088
244524.23431, 3,  -0.235,  9.764,  2.447, 4,   0.022, -0.084,  0.084
244524.23870, 3,  -0.268,  9.668,  2.308, 4,   0.037, -0.062,  0.096
244524.24310, 3,  -0.124,  9.577,  2.332, 4,   0.025, -0.047,  0.099
244524.24749, 3,  -0.024,  9.764,  2.337, 4,   0.025, -0.013,  0.099
244524.25188, 3,  -0.019,  9.562,  2.169, 4,   0.029,  0.000,  0.071
244524.25625, 3,  -0.034,  9.591,  2.131, 4,   0.021, -0.001,  0.069
244524.26064, 3,  -0.067,  9.543,  2.212, 4,   0.023, -0.003,  0.037
244524.26504, 3,  -0.029,  9.481,  2.207, 4,   0.027,  0.015,  0.001
244524.26943, 3,  -0.249,  9.634,  2.279, 4,   0.037,  0.038, -0.004
244524.27383, 3,  -0.388,  9.601,  2.337, 4,   0.003,  0.060,  0.005
244524.27822, 3,  -0.283,  9.706,  2.308, 4,   0.011,  0.098, -0.005
244524.28262, 3,  -0.359,  9.668,  2.399, 4,   0.009,  0.130,  0.014
244524.28701, 3,  -0.283,  9.658,  2.227, 4,  -0.001,  0.156,  0.005
244524.29137, 3,  -0.273,  9.462,  2.140, 4,  -0.003,  0.191,  0.013
244524.29577, 3,  -0.192,  9.476,  2.164, 4,   0.012,  0.172,  0.026
244524.30016, 3,  -0.230,  9.505,  2.107, 4,   0.028,  0.169,  0.007
244524.30456, 3,  -0.287,  9.486,  2.112, 4,   0.023,  0.154,  0.016
244524.30895, 3,  -0.148,  9.534,  1.978, 4,   0.035,  0.118,  0.013
244524.31335, 3,  -0.211,  9.495,  2.088, 4,   0.037,  0.087,  0.031
244524.31774, 3,  -0.057,  9.505,  2.188, 4,   0.025,  0.029,  0.018
244524.32214, 3,  -0.259,  9.711,  2.097, 4,   0.017, -0.014,  0.010
244524.32650, 3,  -0.249,  9.515,  1.939, 4,  -0.013, -0.038, -0.003
244524.33089, 3,  -0.244,  9.323,  2.380, 4,  -0.017, -0.049,  0.011, 5,  15.024,-42.920, -7.249
244524.33529, 3,  -0.244,  9.371,  2.040, 4,  -0.022, -0.072,  0.013
244524.33968, 3,  -0.302,  9.361,  2.073, 4,  -0.003, -0.087,  0.022
244524.34408, 3,  -0.220,  9.452,  1.930, 4,  -0.003, -0.103,  0.024
244524.34847, 3,  -0.182,  9.414,  2.064, 4,  -0.002, -0.104,  0.028
244524.35287, 3,  -0.287,  9.371,  2.241, 4,  -0.001, -0.101,  0.021
244524.35726, 3,  -0.230,  9.414,  2.116, 4,  -0.002, -0.078,  0.031
244524.36163, 3,  -0.225,  9.438,  2.365, 4,  -0.007, -0.056,  0.036
244524.36602, 3,  -0.144,  9.428,  2.179, 4,   0.011, -0.018,  0.014
244524.37041, 3,  -0.101,  9.333,  2.131, 4,   0.021, -0.007,  0.000
244524.37481, 3,  -0.244,  9.294,  2.222, 4,   0.014, -0.004, -0.001
244524.37920, 3,  -0.206,  9.313,  2.313, 4,   0.028,  0.025,  0.008
244524.38360, 3,  -0.177,  9.467,  2.131, 4,   0.026,  0.028,  0.003
244524.38799, 3,  -0.292,  9.486,  2.035, 4,   0.046,  0.006, -0.001
244524.39239, 3,  -0.292,  9.404,  2.169, 4,   0.040, -0.003,  0.007
244524.39678, 3,  -0.220,  9.476,  1.987, 4,   0.050, -0.006,  0.006
244524.40115, 3,  -0.172,  9.380,  2.021, 4,   0.043,  0.003, -0.001
244524.40554, 3,  -0.153,  9.457,  2.121, 4,   0.035, -0.020,  0.026
244524.40993, 3,  -0.096,  9.428,  2.198, 4,   0.042, -0.046,  0.024
244524.41433, 3,  -0.048,  9.419,  2.126, 4,   0.036, -0.058,  0.024
244524.41872, 3,  -0.043,  9.495,  2.298, 4,   0.030, -0.063,  0.028
244524.42312, 3,  -0.153,  9.333,  2.241, 4,   0.037, -0.045,  0.002
244524.42751, 3,  -0.101,  9.414,  2.274, 4,   0.033, -0.055,  0.006
244524.43191, 3,  -0.134,  9.433,  2.102, 4,   0.035, -0.015,  0.001
244524.43627, 3,  -0.192,  9.380,  2.155, 4,   0.039, -0.003, -0.033
244524.44067, 3,  -0.168,  9.471,  2.164, 4,   0.027, -0.007, -0.017
244524.44506, 3,  -0.302,  9.481,  2.116, 4,   0.028, -0.012, -0.038
244524.44946, 3,  -0.311,  9.433,  2.121, 4,   0.038, -0.002, -0.027
244524.45385, 3,  -0.484,  9.376,  2.064, 4,   0.023, -0.020, -0.021
244524.45824, 3,  -0.503,  9.390,  2.030, 4,   0.018, -0.050, -0.032
244524.46264, 3,  -0.570,  9.376,  2.116, 4,   0.014, -0.077, -0.016
244524.46703, 3,  -0.632,  9.471,  2.251, 4,  -0.004, -0.069,  0.000
244524.47140, 3,  -0.493,  9.390,  2.073, 4,   0.007, -0.097,  0.016
244524.47579, 3,  -0.570,  9.457,  2.303, 4,   0.012, -0.115,  0.042
244524.48019, 3,  -0.565,  9.424,  2.203, 4,   0.011, -0.122,  0.051
244524.48458, 3,  -0.417,  9.409,  2.274, 4,   0.006, -0.158,  0.063
244524.48898, 3,  -0.551,  9.428,  2.389, 4,   0.051, -0.193,  0.078
244524.49337, 3,  -0.402,  9.457,  2.155, 4,   0.053, -0.209,  0.086
244524.49776, 3,  -0.464,  9.505,  2.107, 4,   0.051, -0.199,  0.102
244524.50216, 3,  -0.512,  9.486,  2.246, 4,   0.052, -0.180,  0.096
244524.50652, 3,  -0.450,  9.524,  2.313, 4,   0.058, -0.168,  0.105
244524.51092, 3,  -0.326,  9.567,  2.332, 4,   0.081, -0.149,  0.098
244524.51531, 3,  -0.450,  9.577,  2.231, 4,   0.081, -0.121,  0.089, 5,  15.697,-43.594, -8.878
244524.51971, 3,  -0.469,  9.524,  2.097, 4,   0.099, -0.102,  0.082
244524.52410, 3,  -0.479,  9.572,  2.270, 4,   0.110, -0.083,  0.113
244524.52850, 3,  -0.388,  9.644,  2.260, 4,   0.107, -0.069,  0.107
244524.53289, 3,  -0.330,  9.572,  2.131, 4,   0.113, -0.056,  0.118
244524.53728, 3,  -0.350,  9.515,  2.140, 4,   0.123, -0.035,  0.107
244524.54165, 3,  -0.220,  9.653,  2.251, 4,   0.088, -0.029,  0.119
244524.54604, 3,  -0.144,  9.505,  2.073, 4,   0.086, -0.026,  0.120
244524.55044, 3,   0.096,  9.596,  2.107, 4,   0.070, -0.052,  0.104
244524.55483, 3,  -0.038,  9.673,  1.939, 4,   0.042, -0.059,  0.099
244524.55923, 3,   0.086,  9.764,  2.045, 4,   0.031, -0.088,  0.065
244524.56362, 3,   0.101,  9.749,  1.925, 4,   0.022, -0.100,  0.044
244524.56802, 3,   0.077,  9.682,  1.982, 4,  -0.001, -0.084,  0.037
244524.57241, 3,   0.062,  9.649,  2.049, 4,  -0.013, -0.060,  0.026
244524.57677, 3,   0.062,  9.697,  2.078, 4,  -0.019, -0.046, -0.002
244524.58117, 3,   0.062,  9.620,  2.121, 4,  -0.050, -0.012,  0.004
244524.58556, 3,  -0.005,  9.596,  2.116, 4,  -0.066,  0.027, -0.040
244524.58996, 3,   0.043,  9.692,  2.155, 4,  -0.089,  0.071, -0.028
244524.59435, 3,   0.034,  9.701,  2.088, 4,  -0.098,  0.119, -0.050
244524.59875, 3,   0.077,  9.644,  2.112, 4,  -0.111,  0.146, -0.056
244524.60314, 3,  -0.010,  9.673,  2.088, 4,  -0.102,  0.119, -0.031
244524.60754, 3,  -0.034,  9.730,  2.093, 4,  -0.096,  0.094, -0.045
244524.61190, 3,  -0.024,  9.663,  1.954, 4,  -0.092,  0.061, -0.044
244524.61629, 3,  -0.048,  9.663,  2.054, 4,  -0.078,  0.038, -0.035
244524.62069, 3,  -0.086,  9.572,  2.188, 4,  -0.066,  0.007, -0.019
244524.62508, 3,  -0.077,  9.548,  2.155, 4,  -0.083,  0.002, -0.022
244524.62948, 3,  -0.115,  9.725,  2.409, 4,  -0.086,  0.017, -0.012
244524.63387, 3,  -0.038,  9.606,  2.188, 4,  -0.076,  0.010, -0.012
244524.63827, 3,   0.038,  9.529,  2.322, 4,  -0.098, -0.003,  0.011
244524.64266, 3,  -0.010,  9.663,  2.351, 4,  -0.093,  0.005,  0.016
244524.64703, 3,   0.005,  9.644,  2.456, 4,  -0.099,  0.001,  0.007
244524.65142, 3,   0.110,  9.682,  2.188, 4,  -0.089,  0.001,  0.006
244524.65582, 3,   0.148,  9.591,  2.423, 4,  -0.089, -0.026,  0.003
244524.66021, 3,   0.230,  9.562,  2.207, 4,  -0.099, -0.033,  0.032
244524.66460, 3,   0.192,  9.620,  2.375, 4,  -0.088, -0.069,  0.019
244524.66900, 3,   0.110,  9.395,  2.294, 4,  -0.081, -0.065,  0.014
244524.67339, 3,   0.053,  9.639,  2.490, 4,  -0.073, -0.079,  0.003
244524.67779, 3,   0.043,  9.615,  2.447, 4,  -0.066, -0.058,  0.003
244524.68215, 3,   0.172,  9.562,  2.466, 4,  -0.059, -0.046,  0.017
244524.68655, 3,   0.134,  9.591,  2.294, 4,  -0.032, -0.047,  0.016
244524.69094, 3,   0.077,  9.668,  2.203, 4,  -0.033, -0.047,  0.004
244524.69534, 3,   0.316,  9.524,  2.404, 4,  -0.031, -0.049, -0.013
244524.69973, 3,   0.144,  9.471,  2.380, 4,   0.001, -0.071, -0.014, 5,  16.202,-44.101, -9.041
244524.70412, 3,   0.120,  9.577,  2.351, 4,   0.003, -0.081, -0.006
244524.70852, 3,   0.129,  9.433,  2.629, 4,   0.001, -0.099, -0.027
244524.71291, 3,   0.206,  9.596,  2.346, 4,   0.007, -0.080, -0.036
244524.71728, 3,   0.019,  9.572,  2.409, 4,   0.017, -0.086, -0.044
244524.72167, 3,   0.091,  9.529,  2.265, 4,   0.004, -0.068, -0.049
244524.72607, 3,   0.129,  9.457,  2.480, 4,   0.020, -0.068, -0.062
244524.73046, 3,   0.091,  9.462,  2.351, 4,   0.015, -0.055, -0.063
244524.73486, 3,   0.124,  9.562,  2.332, 4,   0.028, -0.046, -0.064
244524.73925, 3,   0.019,  9.586,  2.356, 4,   0.021, -0.048, -0.071
244524.74364, 3,   0.067,  9.548,  2.342, 4,   0.027, -0.079, -0.085
244524.74804, 3,   0.105,  9.610,  2.327, 4,   0.039, -0.096, -0.083
244524.75240, 3,  -0.005,  9.538,  2.404, 4,   0.061, -0.105, -0.100
244524.75680, 3,  -0.057,  9.510,  2.227, 4,   0.074, -0.120, -0.101
244524.76119, 3,  -0.029,  9.582,  2.342, 4,   0.072, -0.104, -0.111
244524.76559, 3,  -0.005,  9.529,  2.294, 4,   0.089, -0.101, -0.112
244524.76998, 3,  -0.144,  9.644,  2.150, 4,   0.109, -0.075, -0.114
244524.77438, 3,  -0.182,  9.567,  2.227, 4,   0.110, -0.053, -0.126
244524.77877, 3,  -0.292,  9.529,  2.217, 4,   0.125, -0.060, -0.121
244524.78316, 3,  -0.235,  9.471,  2.155, 4,   0.143, -0.042, -0.130
244524.78753, 3,  -0.311,  9.443,  2.145, 4,   0.144, -0.078, -0.126
244524.79632, 3,  -0.594,  9.596,  2.088, 4,   0.146, -0.065, -0.103
244524.80071, 3,  -0.512,  9.558,  2.006, 4,   0.134, -0.050, -0.110
244524.80511, 3,  -0.532,  9.567,  1.949, 4,   0.117, -0.036, -0.099
244524.80950, 3,  -0.613,  9.606,  1.920, 4,   0.116, -0.043, -0.080
244524.81390, 3,  -0.484,  9.701,  1.867, 4,   0.093, -0.063, -0.056
244524.81829, 3,  -0.436,  9.639,  1.944, 4,   0.081, -0.081, -0.047
